generation,N_shifts,logPrior,logLik,eventRate,acceptRate
0,0,-1.60175,-788.038,1,0
1000,0,-1.45485,-392.41,0.270571,0.354645
2000,0,-1.46735,-391.116,0.0313041,0.335832
3000,0,-3.59473,-392.311,1.05383,0.338
4000,0,-1.38882,-391.67,0.021441,0.351412
5000,0,-5.65324,-391.079,1.26977,0.378
6000,1,-3.33282,-384.37,1.02197,0.348167
7000,1,-2.646,-388.002,0.375678,0.385833
8000,0,-1.24474,-391.301,0.383604,0.422667
9000,0,-1.35541,-393.299,0.495424,0.328
10000,0,-1.05011,-395.944,0.0826594,0.342
11000,0,-1.04936,-395.118,0.217259,0.401
12000,0,-1.72273,-392.298,0.88866,0.309
13000,1,-6.75513,-377.215,1.14664,0.4756
14000,2,-5.78133,-376.133,1.51151,0.53
15000,1,-8.5604,-395.21,1.46855,0.394222
16000,1,-5.92911,-376.256,1.00068,0.5195
17000,0,-1.35238,-393.984,0.234936,0.366
18000,0,-2.45339,-391.668,1.38208,0.387
19000,1,-3.59918,-376.688,0.427621,0.487333
20000,0,-0.993092,-392.684,0.160938,0.3546
21000,1,-4.01592,-396.831,1.44676,0.333
22000,0,-1.51019,-394.11,0.664595,0.327
23000,1,-3.73058,-396.677,1.132,0.325
24000,1,-2.77966,-377.7,0.683617,0.4796
25000,2,-8.80221,-395.782,1.86995,0.360875
26000,0,-1.1331,-393.364,0.0775464,0.347
27000,2,-7.56279,-379.902,1.03081,0.491667
28000,2,-6.37695,-378.696,2.77766,0.4353
29000,1,-5.777,-377.074,0.865216,0.478
30000,3,-11.8044,-380.771,5.54324,0.457
31000,2,-6.27228,-373.95,2.11547,0.462
32000,3,-8.09304,-378.139,1.21212,0.4846
33000,2,-8.38859,-382.866,2.25203,0.459286
34000,3,-9.67549,-366.313,2.36423,0.481
35000,2,-6.30378,-369.488,1.32599,0.467
36000,1,-4.36271,-381.2,1.47893,0.463231
37000,1,-2.69958,-382.569,0.452874,0.506
38000,1,-3.72461,-378.427,0.83499,0.505
39000,3,-16.6011,-379.187,4.94339,0.489
40000,1,-4.54845,-379.275,1.83026,0.51
41000,2,-6.27072,-378.391,1.63982,0.487
42000,1,-3.29105,-377.609,1.1863,0.513556
43000,1,-5.86327,-382.193,2.02699,0.48
44000,1,-3.9794,-376.64,1.49164,0.468
45000,2,-7.07551,-377.782,2.25966,0.51
46000,2,-6.69902,-367.95,0.574211,0.488727
47000,3,-14.9078,-369.756,3.73319,0.488
48000,2,-9.97848,-366.299,0.482642,0.497
49000,1,-4.10652,-383.56,2.01169,0.4986
50000,2,-5.46264,-373.02,1.76315,0.509556
51000,1,-5.89271,-376.139,1.2762,0.5465
52000,1,-3.97709,-377.273,1.3159,0.474
53000,2,-4.31556,-379.402,0.449174,0.499
54000,1,-3.13242,-377.683,0.676433,0.519
55000,1,-4.44261,-379.526,0.322391,0.498
56000,1,-4.45984,-375.823,1.65795,0.524
57000,2,-7.93763,-375.921,0.207762,0.51
58000,1,-2.7547,-377.425,0.668821,0.478
59000,3,-14.4161,-364.052,1.19913,0.479556
60000,3,-10.2821,-371.957,1.9649,0.494583
61000,3,-13.9055,-363.328,0.934335,0.479
62000,2,-6.55303,-367.238,1.54789,0.47
63000,2,-5.46232,-368.328,1.50207,0.451
64000,2,-6.45031,-370.113,1.5021,0.505
65000,4,-10.6752,-373.828,1.97983,0.471
66000,2,-7.3268,-370.63,0.79256,0.544
67000,2,-5.78295,-368.638,0.778154,0.472
68000,3,-8.62669,-373.447,1.91066,0.492
69000,2,-9.82692,-368.845,1.73321,0.4925
70000,1,-2.95416,-377.653,0.0807625,0.5056
71000,1,-3.83309,-383.217,1.18444,0.471
72000,1,-4.94358,-377.54,2.17122,0.483071
73000,2,-8.40126,-379.793,2.33755,0.481
74000,1,-3.33359,-379.086,1.21458,0.483
75000,1,-3.78987,-376.827,0.537506,0.506
76000,2,-5.99382,-366.657,1.70451,0.470429
77000,3,-12.3194,-364.777,3.64001,0.468
78000,3,-14.1741,-364.578,1.18391,0.491
79000,3,-12.153,-367.778,4.20254,0.5
80000,3,-12.4563,-367.49,1.7925,0.501
81000,1,-3.72298,-379.702,1.1431,0.525167
82000,1,-2.34315,-376.233,0.236998,0.528
83000,2,-8.90984,-365.264,0.456348,0.498733
84000,1,-3.83068,-378.003,1.25157,0.5206
85000,2,-5.72108,-382.578,1.40834,0.491667
86000,1,-3.54729,-377.77,1.50452,0.499
87000,2,-5.8523,-368.733,1.581,0.469
88000,2,-9.08573,-368.704,3.13699,0.47925
89000,2,-6.23752,-365.437,0.717427,0.485
90000,2,-5.56283,-365.472,0.381518,0.494
91000,2,-9.59931,-366.054,1.0815,0.457
92000,1,-5.35692,-378.483,0.938686,0.515857
93000,1,-3.16295,-378.624,0.443652,0.493
94000,2,-9.57263,-368.384,1.0595,0.486667
95000,1,-4.59201,-377.744,1.43986,0.504444
96000,1,-3.06551,-377.559,1.13651,0.486
97000,1,-2.71133,-379.955,0.291651,0.517
98000,3,-10.5078,-364.465,1.79379,0.4899
99000,1,-3.14532,-381.523,0.286918,0.487
100000,2,-7.12725,-374.542,2.30518,0.4895
101000,2,-7.62438,-366.29,0.450741,0.48
102000,1,-2.94635,-378.071,0.73642,0.495444
103000,1,-3.74587,-376.377,0.761164,0.493
104000,1,-3.39955,-378.224,0.776839,0.492
105000,2,-5.45548,-367.259,1.07079,0.4925
106000,3,-7.70172,-368.936,1.06121,0.502
107000,5,-15.1948,-374.584,3.47367,0.491
108000,1,-5.4445,-379.021,1.8046,0.50175
109000,1,-5.49089,-377.092,0.26682,0.479
110000,2,-7.15936,-377.278,1.12391,0.513091
111000,2,-10.5937,-369.049,2.94517,0.5024
112000,2,-11.5391,-367.935,1.11125,0.4958
113000,1,-2.57844,-380.406,0.526298,0.486
114000,1,-3.43726,-382.477,1.10455,0.48325
115000,1,-4.2285,-377.48,1.84631,0.493
116000,1,-4.8525,-378.386,1.10239,0.45
117000,1,-3.41047,-376.764,0.89214,0.516
118000,2,-5.25693,-376.333,1.14318,0.528
119000,2,-6.44619,-379.971,1.11082,0.488833
120000,1,-4.24731,-377.133,0.920746,0.51
121000,1,-5.72086,-380.365,2.0217,0.428
122000,1,-5.01753,-382.136,1.01705,0.451
123000,1,-6.66053,-379.608,3.12923,0.441
124000,1,-4.98422,-377.99,2.50108,0.480308
125000,1,-4.91116,-378.633,0.466004,0.488
126000,1,-2.56494,-382.747,0.119173,0.480333
127000,2,-6.30347,-377.013,1.87084,0.467
128000,1,-4.37517,-381.117,2.08184,0.492125
129000,2,-4.99397,-378.218,1.71911,0.504
130000,1,-3.95851,-380.134,1.2557,0.48
131000,1,-2.35861,-380.78,0.247682,0.484
132000,1,-3.51729,-380.022,1.032,0.485
133000,1,-3.24136,-379.02,0.623729,0.512333
134000,1,-2.67727,-379.661,0.706658,0.512
135000,1,-6.17694,-379.241,2.90631,0.526
136000,1,-4.13351,-378.137,1.41452,0.499
137000,1,-3.35846,-379.594,0.942097,0.5108
138000,1,-3.57644,-383.403,0.868617,0.488
139000,1,-4.85109,-376.397,1.03981,0.478
140000,1,-4.46489,-379.698,0.689327,0.485
141000,2,-5.94308,-380.426,0.605908,0.508391
142000,1,-2.86148,-377.923,0.568499,0.507647
143000,1,-3.8592,-382.991,1.63143,0.5365
144000,1,-3.07575,-381.002,0.509868,0.47975
145000,1,-5.46989,-378.296,3.12574,0.473
146000,2,-7.62287,-379.459,0.995201,0.507
147000,2,-9.03632,-377.617,2.9348,0.529143
148000,1,-4.59773,-379.165,2.30186,0.494
149000,1,-3.07912,-375.881,0.314341,0.500571
150000,2,-5.97147,-376.636,1.20446,0.501
151000,1,-3.90538,-380.018,1.06173,0.503625
152000,1,-3.83859,-380.208,0.659143,0.52075
153000,1,-4.60182,-378.266,0.161762,0.507167
154000,1,-3.25123,-378.589,1.09349,0.486
155000,3,-9.85527,-375.664,1.74898,0.497
156000,2,-6.71704,-374.094,1.15131,0.516
157000,1,-3.41742,-378.688,1.15152,0.500286
158000,2,-5.60948,-380.429,0.939863,0.492
159000,1,-3.23768,-380.771,0.59496,0.501
160000,2,-9.01298,-381.613,0.556409,0.488875
161000,1,-3.33153,-381.091,0.376756,0.466
162000,3,-8.91701,-378.416,1.5129,0.493
163000,3,-7.91979,-381.841,2.58695,0.56
164000,1,-3.87473,-379.32,1.75656,0.491538
165000,3,-6.67302,-383.033,1.21988,0.4912
166000,1,-3.55232,-379.863,0.927781,0.5195
167000,1,-2.68902,-384.374,0.663359,0.518
168000,1,-3.32467,-383.858,0.553691,0.53
169000,1,-3.74674,-381.495,0.78408,0.500167
170000,1,-2.83743,-380.554,0.54968,0.481
171000,2,-7.38969,-379.215,2.52542,0.51
172000,1,-3.30756,-383.729,1.10187,0.482
173000,2,-16.2695,-376.288,2.70499,0.478
174000,2,-6.50837,-370.563,0.964282,0.514778
175000,1,-3.63575,-384.824,0.895001,0.495579
176000,1,-4.24142,-378.67,1.55999,0.478
177000,1,-5.12554,-376.169,1.10552,0.501444
178000,1,-3.84643,-381.822,0.496001,0.476
179000,2,-5.08727,-377.357,1.19414,0.452
180000,2,-6.90222,-381.016,1.93728,0.54
181000,2,-5.86357,-379.675,0.0843363,0.487
182000,2,-5.69632,-381.716,0.558979,0.490556
183000,1,-2.63142,-377.472,0.266398,0.493
184000,2,-11.4211,-378.428,1.15694,0.509
185000,1,-3.10054,-378.376,0.775951,0.514
186000,1,-4.22609,-376.142,1.91443,0.536
187000,2,-6.1197,-383.33,1.42008,0.493667
188000,2,-8.15201,-378.98,2.75579,0.514
189000,1,-2.58505,-381.301,0.188408,0.492
190000,1,-5.44883,-377.569,2.0318,0.468
191000,1,-3.82049,-380.612,1.30329,0.472
192000,1,-3.44085,-380.704,0.175213,0.487167
193000,2,-5.36338,-379.122,1.70477,0.509
194000,2,-9.06515,-377.101,0.93598,0.476
195000,1,-7.55122,-380.185,2.52356,0.492
196000,2,-7.63988,-391.316,0.398494,0.4673
197000,1,-3.29932,-377.211,0.638542,0.492368
198000,2,-8.54251,-377.359,3.58174,0.547
199000,2,-12.8685,-377.182,3.6355,0.564
200000,1,-4.94251,-380.42,0.551764,0.492
201000,1,-10.3141,-377.145,0.932271,0.477
202000,1,-4.6551,-382.791,1.42778,0.454
203000,1,-2.7233,-377.784,0.860059,0.441
204000,2,-9.19369,-380.311,1.12847,0.486462
205000,2,-4.7501,-378.008,0.194163,0.505
206000,1,-4.20366,-379.298,1.8893,0.483909
207000,1,-2.803,-378.288,0.385977,0.46225
208000,2,-5.70541,-379.86,0.511775,0.477
209000,2,-6.80838,-375.677,1.50882,0.461
210000,2,-7.99515,-381.095,0.975274,0.485
211000,3,-8.64655,-378.002,2.89034,0.495
212000,3,-13.4612,-380.329,2.65854,0.504167
213000,1,-5.09684,-378.41,1.19696,0.527
214000,1,-3.37513,-378.412,1.15761,0.507
215000,1,-4.60486,-377.894,0.956004,0.476
216000,1,-4.02352,-380.453,0.731359,0.506167
217000,1,-3.34516,-379.107,0.301898,0.510667
218000,1,-5.80621,-374.652,0.806558,0.465
219000,1,-2.78096,-379.723,0.338342,0.525
220000,1,-4.73497,-376.995,0.488848,0.462
221000,2,-8.55823,-375.835,1.02291,0.477
222000,3,-11.4055,-377.263,1.58597,0.486
223000,1,-3.35424,-378.554,1.27649,0.514
224000,1,-3.39765,-379.672,0.408265,0.484889
225000,2,-9.57428,-376.86,2.01545,0.516222
226000,1,-3.13759,-377.852,0.69522,0.511
227000,1,-3.74406,-381.294,1.15633,0.518333
228000,1,-4.94043,-378.363,1.85144,0.472187
229000,1,-5.57003,-374.973,0.341945,0.512
230000,3,-12.8201,-377.11,3.14685,0.495
231000,1,-6.3235,-376.577,1.0258,0.5018
232000,1,-5.94709,-380.588,2.61498,0.494667
233000,1,-5.32607,-377.56,1.31812,0.498
234000,1,-3.33454,-379.078,1.10047,0.482333
235000,1,-3.65303,-377.656,1.33872,0.488
236000,1,-3.01488,-379.703,0.282049,0.497
237000,1,-3.78982,-375.774,0.506519,0.499357
238000,1,-3.58892,-381.828,0.811559,0.478
239000,2,-6.52466,-379.701,1.59678,0.487
240000,1,-10.6269,-375.887,4.56749,0.506
241000,1,-3.68208,-378.464,1.69116,0.490364
242000,1,-3.6078,-383.429,0.617509,0.439
243000,1,-3.22235,-380.695,1.07426,0.472333
244000,1,-3.95226,-386.562,1.49958,0.482
245000,2,-6.03797,-386.394,1.42644,0.484
246000,1,-3.452,-376.062,0.441178,0.497923
247000,1,-4.59669,-376.986,0.811416,0.511
248000,3,-8.27445,-376.466,0.830291,0.486833
249000,1,-2.62933,-378.628,0.104839,0.507
250000,1,-3.70972,-377.868,0.677959,0.457
251000,1,-6.25182,-378.485,0.537245,0.473
252000,1,-3.79822,-382.462,0.852642,0.5
253000,1,-3.34223,-376.583,0.639493,0.494267
254000,3,-11.2251,-380.489,2.0861,0.514889
255000,1,-2.97726,-380.222,0.514929,0.495
256000,1,-5.35653,-378.339,3.0834,0.512
257000,1,-6.39124,-380.428,1.05889,0.4894
258000,1,-3.27043,-376.577,1.11137,0.511
259000,1,-3.0769,-380.08,0.543777,0.508
260000,1,-4.1398,-379.399,1.98564,0.487
261000,1,-3.86414,-377.686,0.406176,0.503143
262000,1,-2.42122,-378.439,0.145966,0.499111
263000,1,-7.34723,-376.411,0.859706,0.465
264000,1,-6.5784,-376.248,1.32179,0.503
265000,2,-4.47205,-380.052,1.20605,0.506
266000,1,-3.72175,-379.297,0.930797,0.484
267000,1,-4.96029,-379.428,0.0158149,0.435
268000,1,-4.81992,-380.04,1.16885,0.41
269000,1,-2.38783,-380.625,0.199607,0.477
270000,3,-9.39753,-373.685,1.06411,0.53
271000,4,-12.9837,-378.314,1.30712,0.5
272000,1,-3.09751,-380.568,0.918277,0.556
273000,2,-6.43905,-371.902,1.08813,0.505333
274000,2,-7.51792,-367.53,0.701765,0.452
275000,8,-31.3425,-363.111,7.51653,0.511
276000,5,-24.4806,-364.61,4.21924,0.5235
277000,2,-7.37231,-367.474,1.14035,0.527
278000,1,-3.65976,-380.089,0.863264,0.507714
279000,2,-8.53773,-368.477,1.47164,0.523667
280000,2,-8.3098,-367.833,2.03582,0.462
281000,2,-7.24007,-375.736,1.50071,0.4925
282000,2,-7.07573,-374.933,1.1458,0.45
283000,3,-8.01193,-368.711,1.42547,0.504333
284000,3,-8.69332,-364.558,1.96291,0.535
285000,2,-6.52616,-370.337,0.690058,0.454
286000,2,-7.13259,-366.933,1.51582,0.473
287000,2,-5.23097,-371.002,1.43071,0.449
288000,2,-5.9443,-368.29,1.62334,0.526
289000,3,-8.99294,-372.016,1.25956,0.478714
290000,1,-4.02316,-377.65,0.562975,0.503333
291000,1,-4.91102,-376.596,1.54642,0.488231
292000,3,-12.4441,-377.14,1.70111,0.465
293000,2,-9.72222,-364.927,1.94676,0.469
294000,1,-5.85871,-375.937,2.08489,0.482333
295000,3,-10.4338,-375.084,1.31972,0.481
296000,2,-8.61804,-369.799,2.25056,0.443
297000,2,-3.55857,-367.877,0.0850434,0.451
298000,1,-5.03804,-374.817,0.753184,0.489875
299000,2,-7.53228,-369.152,1.27392,0.479
300000,2,-9.35848,-372.349,2.05446,0.464
301000,1,-3.94758,-381.687,0.983434,0.508667
302000,1,-3.67598,-382.21,0.723989,0.4994
303000,2,-6.124,-379.97,1.36137,0.528
304000,2,-6.10867,-374.336,1.91074,0.502
305000,2,-13.6651,-365.775,1.58258,0.505818
306000,1,-3.82471,-379.056,0.795128,0.5336
307000,5,-23.986,-367.912,1.73488,0.5275
308000,5,-17.8416,-366.733,2.10217,0.563
309000,1,-3.65634,-386.155,0.235005,0.4946
310000,1,-4.0682,-377.266,1.25268,0.483
311000,2,-6.90289,-367.381,2.41021,0.491091
312000,4,-14.98,-367.092,3.03469,0.494
313000,1,-4.87237,-376.649,1.25098,0.517857
314000,1,-4.66998,-378.823,2.60979,0.5435
315000,1,-3.22264,-378.745,0.600825,0.463
316000,1,-2.80438,-380.985,0.718512,0.495
317000,1,-6.17124,-374.601,1.52149,0.495
318000,1,-4.5969,-378.807,0.656444,0.471
319000,2,-14.2685,-369.532,5.09327,0.499143
320000,3,-11.0787,-368.651,3.18439,0.51
321000,2,-6.13987,-367.928,1.8093,0.523
322000,2,-7.88707,-367.961,1.97702,0.459
323000,1,-4.29575,-376.045,1.18435,0.4963
324000,1,-2.94722,-379.854,0.462201,0.475
325000,2,-6.72491,-379.561,2.31636,0.460667
326000,2,-6.40264,-376.055,2.73427,0.532
327000,1,-4.2624,-381.727,0.318515,0.463
328000,2,-8.25067,-377.066,3.17383,0.505333
329000,1,-3.79652,-383.222,1.20966,0.4525
330000,1,-4.31322,-377.618,0.246091,0.507
331000,1,-4.031,-377.298,0.49068,0.473
332000,2,-10.1468,-374.021,1.08115,0.553
333000,1,-3.97111,-381.144,1.10662,0.5015
334000,1,-4.40374,-378.599,1.02739,0.562
335000,1,-3.02782,-378.588,0.681598,0.505
336000,1,-3.60769,-378.786,1.34761,0.49675
337000,1,-5.71323,-377.213,0.850129,0.515667
338000,1,-3.55537,-377.745,0.61626,0.485
339000,2,-5.05742,-383.457,0.383387,0.509
340000,1,-2.29704,-378.814,0.223236,0.556
341000,1,-4.06611,-380.507,0.777035,0.496
342000,1,-4.11119,-378.541,0.578154,0.478
343000,1,-4.07739,-376.616,0.284624,0.517
344000,2,-6.98374,-379.463,0.378262,0.509286
345000,1,-2.66204,-380.203,0.546262,0.5117
346000,2,-5.58491,-377.373,0.436883,0.477
347000,2,-9.99015,-377.596,1.33662,0.459
348000,1,-3.13578,-376.996,0.974103,0.489
349000,1,-3.78941,-376.501,0.594183,0.522
350000,2,-6.69519,-378.587,2.30717,0.496
351000,1,-2.6368,-385.132,0.27635,0.521
352000,1,-4.60743,-379.45,2.06505,0.502471
353000,1,-3.50796,-383.623,0.543192,0.459
354000,2,-10.8145,-377.892,0.94304,0.472
355000,1,-3.6458,-379.045,0.893947,0.504375
356000,1,-4.33399,-376.49,0.0763625,0.507
357000,1,-3.5687,-380.412,0.53714,0.502333
358000,1,-5.10707,-376.998,1.3892,0.507
359000,2,-7.48354,-381.212,0.959956,0.484667
360000,1,-3.12096,-377.977,0.595199,0.5085
361000,1,-2.35153,-378.757,0.279021,0.546
362000,1,-5.14746,-379.049,1.2428,0.508
363000,2,-4.40373,-383.49,1.05967,0.51675
364000,1,-4.65122,-378.998,0.986065,0.471
365000,1,-3.18114,-380.326,0.946135,0.461
366000,1,-2.60587,-379.91,0.229708,0.504
367000,1,-5.49608,-379.495,0.61268,0.511813
368000,2,-5.05385,-380.163,0.193483,0.492
369000,1,-5.67054,-380.11,0.681104,0.502038
370000,3,-7.72024,-386.455,1.12457,0.51
371000,1,-3.15714,-379.163,0.859364,0.525333
372000,2,-7.56982,-379.131,0.443987,0.494
373000,1,-5.87726,-375.519,0.537119,0.497143
374000,1,-3.60352,-386.417,0.430165,0.46
375000,1,-3.67668,-378.182,0.666915,0.4775
376000,4,-12.4651,-377.448,2.12565,0.504643
377000,2,-4.77487,-374.611,0.520808,0.546
378000,2,-5.91407,-380.063,0.644973,0.503
379000,1,-3.50195,-380.93,1.63129,0.4874
380000,2,-8.04942,-379.234,3.01514,0.545
381000,2,-6.24734,-380.199,0.885446,0.493333
382000,1,-2.77235,-381.065,0.410003,0.527
383000,3,-6.45175,-376.692,1.4519,0.509
384000,2,-3.81388,-372.16,0.591851,0.501
385000,1,-3.23472,-381.253,0.802237,0.5014
386000,1,-6.90055,-380.739,1.91455,0.493
387000,2,-6.12418,-380.241,1.2222,0.523
388000,1,-3.29445,-382.527,0.55303,0.496
389000,1,-4.18536,-385.431,0.623556,0.482
390000,2,-9.21241,-370.5,3.52667,0.494
391000,4,-10.5611,-368.114,2.67103,0.49
392000,2,-11.4686,-370.585,3.54307,0.517
393000,3,-12.7984,-373.32,3.40185,0.46
394000,2,-5.38741,-378.009,0.760559,0.507526
395000,2,-11.4022,-375.927,2.29226,0.527
396000,2,-8.17179,-379.68,1.05603,0.505714
397000,2,-6.05455,-366.889,1.16687,0.506
398000,1,-4.22964,-378.976,0.782021,0.519
399000,1,-2.56585,-380.471,0.312473,0.53225
400000,1,-4.15721,-378.291,1.13802,0.5485
401000,1,-3.86493,-377.322,1.04094,0.484
402000,3,-10.4698,-377.277,3.3508,0.543
403000,2,-5.62307,-379.524,0.707981,0.5315
404000,1,-2.74904,-379.073,0.559943,0.502333
405000,2,-5.38671,-371.348,1.01411,0.48575
406000,1,-6.81145,-379.397,2.88938,0.483
407000,2,-8.29375,-377.741,1.85805,0.4996
408000,1,-7.36218,-378.668,1.13286,0.483
409000,1,-5.81881,-375.711,1.78407,0.482667
410000,3,-9.8149,-380.8,3.3541,0.485667
411000,1,-5.46721,-379.007,0.536021,0.507
412000,2,-6.0803,-377.375,2.10242,0.537
413000,1,-3.74899,-378.657,0.932131,0.509
414000,2,-6.63929,-367.589,1.33575,0.503556
415000,2,-10.6442,-376.567,4.05586,0.442
416000,1,-2.6964,-377.975,0.319016,0.467
417000,1,-3.61289,-378.128,0.845119,0.493
418000,2,-8.07291,-367.047,3.64326,0.47075
419000,1,-5.55383,-378.932,0.4511,0.477
420000,1,-4.69788,-377.743,0.831541,0.443
421000,2,-6.56673,-369.237,1.09151,0.482667
422000,2,-6.23417,-378.469,0.458169,0.4965
423000,1,-6.33783,-374.625,0.373112,0.519333
424000,2,-7.84832,-378.653,3.65779,0.53
425000,1,-6.93983,-381.276,0.546434,0.481
426000,2,-11.1388,-367.654,0.919155,0.4758
427000,1,-3.4465,-377.167,1.19675,0.48
428000,1,-2.12886,-376.859,0.143925,0.503
429000,2,-11.0777,-368.208,2.34796,0.48095
430000,2,-7.68756,-377.465,1.80116,0.485
431000,1,-2.69042,-379.411,0.469026,0.47
432000,1,-2.75059,-383.253,0.807863,0.493
433000,2,-7.45162,-372.017,2.42951,0.478
434000,2,-8.52456,-371.693,3.85853,0.436
435000,2,-4.9389,-368.823,0.780024,0.489
436000,1,-3.48009,-381.763,1.13137,0.494571
437000,1,-7.90906,-377.53,0.433426,0.497
438000,2,-8.48125,-369.909,2.72647,0.483667
439000,3,-14.0137,-366.65,1.92234,0.496
440000,1,-4.88979,-378.139,0.463654,0.513667
441000,3,-10.1592,-371.283,3.59383,0.527
442000,3,-9.31287,-366.144,1.94876,0.531
443000,1,-4.61454,-379.837,0.634585,0.523143
444000,2,-6.74846,-366.303,1.03124,0.5185
445000,1,-3.19074,-379.079,0.589023,0.5336
446000,1,-9.62661,-374.447,0.652347,0.492
447000,2,-3.923,-377.749,0.516608,0.493
448000,3,-12.2651,-381.028,2.12383,0.511
449000,4,-14.1257,-368.924,1.48451,0.5038
450000,3,-9.45659,-366.884,0.98853,0.535
451000,1,-3.49999,-378.497,0.251061,0.50825
452000,1,-5.39923,-376.184,1.45468,0.51825
453000,1,-5.67235,-381.165,1.781,0.488
454000,2,-5.938,-380.7,1.76774,0.491
455000,1,-4.37643,-379.85,0.612852,0.536
456000,1,-4.67651,-380.405,2.44221,0.502
457000,1,-3.38976,-380.795,0.240111,0.533
458000,1,-4.98821,-381.213,1.01812,0.492577
459000,2,-7.15675,-367.453,1.29765,0.504444
460000,1,-4.64609,-379.283,2.01146,0.534
461000,1,-2.41176,-379.587,0.0973933,0.468
462000,2,-10.7209,-378.016,4.38818,0.5094
463000,1,-3.071,-377.039,0.390556,0.4935
464000,1,-4.65189,-381.915,2.43016,0.505
465000,1,-2.60693,-379.472,0.358103,0.498
466000,1,-2.23263,-378.451,0.244718,0.527545
467000,1,-4.456,-381.181,0.711549,0.496
468000,1,-4.30936,-379.743,1.31243,0.483
469000,1,-6.82314,-376.966,2.85346,0.51275
470000,1,-3.20872,-377.747,0.517609,0.509625
471000,2,-5.70116,-380.253,1.10519,0.499
472000,2,-5.77936,-379.095,0.95854,0.5175
473000,1,-5.011,-377.429,1.64147,0.526
474000,5,-15.2828,-369.108,2.75326,0.509667
475000,2,-5.33762,-378.05,0.599568,0.519333
476000,2,-7.49572,-376.067,1.5735,0.571
477000,1,-2.79468,-382.199,0.61668,0.504632
478000,1,-3.02604,-379.487,0.303971,0.476
479000,1,-6.53888,-379.525,0.678951,0.468
480000,1,-2.89633,-378.053,0.516567,0.485
481000,2,-6.1947,-368.226,1.38537,0.494143
482000,3,-10.1326,-373.501,2.2405,0.473
483000,2,-9.16663,-375.966,1.04303,0.525333
484000,2,-11.1995,-380.231,2.46663,0.534
485000,1,-3.90303,-379.454,1.27707,0.498
486000,2,-5.70011,-378.848,1.15154,0.5039
487000,1,-2.68716,-381.427,0.822849,0.473
488000,1,-2.7468,-377.513,0.459326,0.493
489000,1,-4.46697,-379.428,2.56695,0.511
490000,1,-4.46483,-379.087,2.30299,0.503353
491000,2,-7.84228,-376.261,1.14438,0.49
492000,1,-6.40538,-376.716,0.347932,0.478143
493000,2,-5.83677,-380.317,2.27892,0.5095
494000,3,-6.80685,-377.46,0.996036,0.54
495000,1,-5.22913,-378.817,0.806951,0.526
496000,3,-10.0356,-369.882,1.73925,0.498357
497000,2,-6.67354,-369.387,0.549675,0.531
498000,2,-16.4597,-363.248,2.19464,0.476
499000,3,-11.8694,-368.895,0.964064,0.504
500000,2,-5.33974,-377.155,1.48874,0.476
501000,3,-6.93644,-370.953,2.55062,0.495
502000,1,-3.31757,-380.029,0.827207,0.493818
503000,1,-3.3709,-383.405,0.508894,0.47375
504000,1,-3.56135,-377.986,0.449423,0.48
505000,1,-4.66645,-378.354,2.16337,0.487667
506000,1,-4.34907,-380.245,0.213285,0.463
507000,1,-2.73218,-380.224,0.449872,0.45
508000,2,-8.21362,-368.126,2.75767,0.484429
509000,3,-9.3611,-366.492,2.08345,0.484
510000,1,-7.33359,-380.673,3.80386,0.499556
511000,1,-3.71108,-383.967,0.780025,0.462857
512000,2,-6.74892,-367.469,0.599908,0.45
513000,3,-16.9394,-379.359,4.3204,0.477667
514000,1,-2.6117,-378.164,0.0923035,0.505
515000,1,-6.58755,-376.329,1.30583,0.467
516000,1,-3.74606,-376.812,0.686216,0.476
517000,2,-7.59812,-377.263,1.89639,0.498
518000,1,-3.73082,-377.048,0.306615,0.493571
519000,1,-4.56639,-377.609,0.237236,0.4875
520000,2,-5.02187,-371.52,0.817104,0.481625
521000,1,-3.8176,-377.625,1.07498,0.497929
522000,2,-4.92059,-375.863,0.415619,0.523667
523000,2,-9.87007,-366.691,2.81305,0.484333
524000,1,-4.04846,-380.862,1.3101,0.481
525000,1,-2.95651,-377.098,0.242272,0.492333
526000,3,-9.82868,-383.034,3.00401,0.475333
527000,2,-12.4322,-377.852,1.85391,0.5165
528000,2,-9.75364,-371.408,3.24496,0.493
529000,2,-5.79458,-372.867,1.43852,0.475
530000,1,-7.44243,-381.782,2.83795,0.521333
531000,1,-6.74403,-380.332,2.73755,0.505308
532000,1,-3.66999,-377.79,1.37869,0.5148
533000,2,-6.16696,-379.645,0.888505,0.495
534000,1,-3.3405,-379.002,0.950677,0.52325
535000,1,-3.59716,-378.975,0.763656,0.523
536000,3,-10.0366,-375.132,1.10105,0.523333
537000,1,-5.04011,-377.465,0.502306,0.491
538000,2,-10.1521,-363.781,2.72725,0.481222
539000,3,-6.89193,-369.646,0.89765,0.5
540000,5,-11.9896,-375.327,2.11199,0.461
541000,5,-17.8546,-369.794,4.97773,0.542
542000,2,-5.66903,-368.558,2.16678,0.565
543000,2,-11.1216,-367.224,1.75732,0.455
544000,2,-5.72989,-378.144,0.389523,0.512538
545000,1,-8.01631,-375.435,2.53535,0.462
546000,1,-3.38709,-378.421,1.2265,0.504
547000,2,-6.54382,-378.927,1.50527,0.525
548000,1,-7.69149,-384.758,1.34846,0.487
549000,1,-5.01796,-379.463,1.24138,0.503667
550000,1,-5.61225,-381.446,1.40923,0.466
551000,1,-4.5273,-381.126,0.249992,0.522312
552000,1,-4.56448,-376.682,0.491738,0.492
553000,1,-3.44579,-384.607,0.939648,0.526
554000,1,-3.40093,-381.646,0.975798,0.497333
555000,2,-6.30417,-369.869,0.652391,0.498833
556000,1,-2.98396,-380.449,0.149307,0.495
557000,1,-4.16493,-378.756,0.985834,0.487
558000,3,-7.35839,-375.063,1.39825,0.553
559000,5,-12.2643,-368.076,3.25934,0.48675
560000,2,-4.8726,-380.587,0.861464,0.5065
561000,2,-6.50843,-377.902,1.29064,0.514
562000,3,-10.4238,-376.759,1.04626,0.555
563000,1,-5.5233,-380.286,2.29409,0.512917
564000,1,-4.68779,-376.614,1.24385,0.51325
565000,2,-5.17302,-380.798,1.03394,0.567
566000,3,-7.95074,-371.188,0.948224,0.505286
567000,2,-4.80155,-373.709,1.1263,0.532
568000,1,-5.5669,-377.066,1.26528,0.483
569000,1,-4.0663,-380.284,1.10582,0.485
570000,1,-3.83602,-381.953,0.396667,0.493714
571000,1,-4.33769,-379.988,0.812966,0.526
572000,1,-6.05476,-377.577,1.23713,0.52575
573000,1,-6.32121,-378.142,1.97209,0.504
574000,1,-5.24225,-378.717,1.39818,0.558
575000,1,-5.52522,-377.529,1.23227,0.506
576000,1,-3.54851,-375.651,0.80948,0.499
577000,1,-4.38074,-375.323,1.33435,0.525
578000,1,-3.0176,-379.976,0.159383,0.515
579000,2,-9.28755,-383.464,1.02866,0.5
580000,1,-4.37076,-378.862,1.48512,0.517
581000,2,-4.19172,-378.466,1.12025,0.518667
582000,1,-2.42291,-378.733,0.260279,0.492
583000,1,-1.87842,-379.398,0.0358226,0.482
584000,1,-3.80227,-381.734,1.17192,0.499
585000,1,-4.42055,-379.668,1.56357,0.468
586000,1,-2.84069,-379.51,0.907324,0.485
587000,2,-14.3665,-363.006,0.953708,0.50216
588000,2,-8.87141,-364.591,1.47701,0.492
589000,1,-4.41306,-377.952,0.597196,0.509889
590000,2,-5.03608,-379.15,1.31733,0.499
591000,1,-3.47593,-376.825,0.381374,0.5
592000,1,-3.52712,-378.707,0.825103,0.516
593000,1,-4.67052,-385.932,0.979109,0.471
594000,1,-3.06976,-380.728,0.924869,0.50228
595000,1,-4.2497,-377.472,0.68062,0.487
596000,4,-8.56032,-368.639,2.86158,0.4895
597000,2,-6.02185,-371.145,1.32923,0.512
598000,2,-7.81012,-366.163,2.34796,0.475
599000,1,-3.607,-383.707,0.567225,0.508923
600000,1,-3.93906,-383.986,1.1401,0.499
601000,1,-3.42487,-379.354,1.25251,0.502875
602000,1,-5.46462,-382.867,2.08624,0.486
603000,1,-2.61685,-381.034,0.315224,0.479
604000,1,-4.92208,-375.989,1.10362,0.483
605000,1,-3.49831,-378.421,0.389185,0.469
606000,1,-3.82536,-378.272,1.09753,0.489875
607000,2,-5.04394,-376.725,0.585999,0.473
608000,1,-3.12036,-378.093,0.524135,0.474
609000,2,-7.20444,-383.965,1.24539,0.505833
610000,2,-6.05676,-383.207,1.3228,0.506
611000,1,-4.42792,-378.941,0.43736,0.486
612000,1,-4.70807,-383.994,2.0563,0.495
613000,1,-3.46386,-377.675,1.12721,0.522
614000,2,-5.48422,-377.657,1.84743,0.49
615000,1,-4.06923,-377.155,1.84971,0.5104
616000,1,-2.654,-380.741,0.574402,0.495
617000,1,-2.73635,-378.745,0.367154,0.472
618000,1,-3.9123,-377.341,0.385653,0.46
619000,2,-7.26953,-379.054,2.45509,0.472667
620000,3,-8.27791,-380.815,2.64873,0.4895
621000,4,-17.2693,-380.032,2.92619,0.4917
622000,1,-3.54789,-376.63,0.604251,0.542
623000,1,-2.6521,-381.114,0.00663648,0.494929
624000,1,-3.55546,-379.912,0.249056,0.50925
625000,1,-2.89945,-379.003,0.101898,0.522
626000,1,-3.00912,-382.848,0.731654,0.477
627000,1,-3.66393,-376.93,0.33983,0.495
628000,1,-5.53247,-374.767,1.3139,0.5065
629000,1,-2.83585,-378.73,0.314083,0.52
630000,1,-4.28725,-380.072,0.639622,0.525
631000,1,-3.76473,-378.208,1.35637,0.477
632000,1,-4.57858,-379.255,2.09121,0.524
633000,1,-3.19008,-380.696,0.759788,0.5
634000,3,-8.58112,-381.399,2.64061,0.514429
635000,3,-8.8464,-379.201,1.18991,0.518938
636000,2,-6.84995,-376.3,0.420871,0.591
637000,2,-8.33933,-379.087,0.874647,0.559
638000,2,-4.63516,-377.415,0.880884,0.508
639000,2,-6.10215,-380.162,1.6779,0.508563
640000,1,-3.1228,-377.586,0.24383,0.523571
641000,1,-7.70227,-378.255,0.316146,0.531429
642000,1,-3.42275,-377.939,0.663122,0.467
643000,2,-5.04565,-379.97,0.412689,0.5385
644000,2,-7.54507,-380.416,1.55832,0.52025
645000,1,-5.73493,-376.002,0.708321,0.515
646000,1,-5.09734,-374.905,1.5021,0.515
647000,1,-5.93412,-388.46,0.670541,0.522
648000,1,-5.5326,-377.495,1.1016,0.512
649000,1,-3.60305,-376.63,1.57477,0.484667
650000,1,-3.51401,-377.269,1.13726,0.507
651000,1,-2.84856,-380.241,0.490356,0.475
652000,1,-3.58678,-382.93,0.967026,0.493
653000,1,-3.34389,-381.989,1.36015,0.4972
654000,1,-5.95926,-379.097,1.97334,0.481
655000,1,-4.53022,-379.846,0.710636,0.452
656000,3,-10.684,-383.707,0.341031,0.494
657000,1,-3.14111,-379.798,0.545182,0.545
658000,2,-9.04896,-375.808,1.14647,0.519
659000,3,-12.0058,-380.909,2.26314,0.5515
660000,2,-13.4887,-377.067,0.755094,0.574
661000,1,-5.11823,-382.395,1.14945,0.512261
662000,1,-2.20865,-378.6,0.172902,0.524
663000,1,-6.39173,-378.082,0.921538,0.459
664000,1,-3.7916,-378.865,0.517385,0.510667
665000,1,-4.1648,-381.94,0.875886,0.469
666000,2,-4.1133,-379.86,0.53252,0.502
667000,1,-3.67074,-380.338,0.993085,0.51
668000,2,-4.1167,-378.585,0.983146,0.487
669000,1,-5.22525,-378.563,1.85008,0.515722
670000,1,-3.90113,-375.44,0.550553,0.5047
671000,2,-6.26075,-377.966,2.21803,0.473667
672000,1,-5.17396,-377.297,0.334249,0.52
673000,3,-9.71565,-368.12,0.92536,0.4896
674000,1,-3.92241,-380.334,0.890775,0.47475
675000,1,-3.08908,-377.133,0.862326,0.485
676000,2,-4.79906,-379.925,1.27305,0.5055
677000,1,-4.0598,-379.913,0.776354,0.518
678000,1,-3.78389,-379.062,1.3903,0.4795
679000,1,-3.71559,-377.196,0.361302,0.507
680000,1,-6.02169,-383.199,2.78474,0.481
681000,1,-3.78664,-379.506,1.20323,0.537
682000,1,-4.00039,-380.03,0.727391,0.509615
683000,1,-2.22992,-377.708,0.149513,0.512
684000,2,-6.22239,-383.733,1.64237,0.508
685000,1,-3.36291,-379.69,0.881503,0.496
686000,1,-3.18666,-377.39,0.97925,0.497
687000,3,-10.5974,-369.382,1.45957,0.488214
688000,3,-8.35165,-367.076,0.428403,0.492
689000,3,-13.0144,-365.842,2.36797,0.465
690000,2,-10.0034,-366.981,1.68361,0.486
691000,2,-4.51866,-375.93,0.947674,0.498667
692000,5,-16.785,-377.583,5.9368,0.519545
693000,2,-8.82148,-375.941,1.08163,0.523
694000,1,-2.54521,-378.782,0.26003,0.482
695000,1,-7.60863,-379.178,2.12887,0.505111
696000,1,-2.7754,-377.528,0.490983,0.5245
697000,1,-8.99676,-376.851,1.35831,0.537333
698000,1,-5.62337,-376.351,1.22288,0.466
699000,1,-4.02653,-381.85,0.80859,0.459
700000,1,-2.77299,-377.442,0.502644,0.5065
701000,1,-4.20805,-377.262,1.17763,0.492667
702000,2,-10.2799,-369.017,1.46425,0.487083
703000,1,-4.7041,-380.914,1.72058,0.5075
704000,1,-3.67417,-381.756,0.651068,0.489
705000,1,-4.77112,-383.933,1.70921,0.468
706000,1,-4.37568,-379.817,1.86173,0.490714
707000,1,-4.8193,-380.375,2.28822,0.466
708000,2,-6.17253,-383.647,0.746777,0.452
709000,1,-8.18411,-385.299,0.840873,0.443
710000,2,-9.63052,-369.681,1.05552,0.468
711000,1,-3.30462,-385.586,0.13453,0.4545
712000,1,-5.24528,-376.855,0.326907,0.457
713000,2,-7.57265,-372.105,0.526958,0.501667
714000,2,-6.4854,-369.889,0.994136,0.477
715000,2,-4.97485,-377.621,0.461789,0.48275
716000,1,-2.6984,-378.255,0.358558,0.519
717000,2,-11.0317,-382.914,1.60203,0.4885
718000,1,-3.90569,-379.203,0.726687,0.5
719000,1,-3.05771,-381.705,0.760138,0.473
720000,2,-7.24384,-378.293,1.10171,0.498
721000,1,-7.52316,-379.271,2.6861,0.53
722000,1,-2.51358,-376.296,0.257697,0.49
723000,1,-3.26955,-379.186,0.387152,0.47025
724000,1,-2.16215,-379.653,0.105634,0.445
725000,2,-11.766,-370.83,4.11307,0.478455
726000,1,-2.48033,-376.909,0.19383,0.494
727000,1,-4.97177,-378.044,2.5287,0.483333
728000,2,-9.56309,-377.397,1.77189,0.455
729000,1,-8.0218,-380.519,2.64727,0.476667
730000,1,-3.20053,-378.773,1.06304,0.4805
731000,1,-4.33901,-379,0.398037,0.5005
732000,1,-4.24334,-376.752,0.124065,0.454
733000,1,-5.28241,-376.989,0.218013,0.49
734000,1,-3.03368,-376.356,0.820727,0.483
735000,1,-4.20379,-381.586,1.12651,0.493
736000,5,-20.6391,-370.482,4.35917,0.478727
737000,4,-12.7806,-369.512,3.10652,0.519
738000,1,-4.30389,-378.281,0.600405,0.507667
739000,1,-4.16246,-380.183,1.07113,0.47
740000,2,-5.05893,-379.786,0.200845,0.558
741000,1,-3.67756,-380.049,0.115606,0.512909
742000,1,-3.41658,-379.956,0.372098,0.476
743000,0,-1.339,-394.208,0.42854,0.494667
744000,1,-5.73098,-376.181,1.03561,0.514818
745000,1,-5.02929,-379.169,1.05775,0.499
746000,3,-8.84852,-391.32,2.14487,0.458
747000,1,-3.70732,-389.94,0.606354,0.548
748000,1,-3.4887,-394.1,0.461964,0.552
749000,1,-3.02996,-387.268,0.498389,0.517571
750000,1,-3.90093,-377.926,0.644231,0.5028
751000,1,-3.60207,-380.085,0.980884,0.506
752000,1,-2.72299,-378.824,0.282291,0.5
753000,1,-2.87782,-378.728,0.488172,0.495
754000,3,-10.0186,-378.72,3.39214,0.4886
755000,2,-4.68753,-379.804,0.463409,0.571
756000,4,-11.4069,-368.733,1.15013,0.499316
757000,3,-10.0913,-371.991,2.99738,0.51
758000,3,-10.4463,-368.429,2.27108,0.513
759000,2,-9.69849,-378.707,2.04676,0.56875
760000,1,-5.73672,-380.423,1.84556,0.521
761000,1,-4.36596,-381.521,0.360305,0.4835
762000,2,-9.34091,-377.943,2.10124,0.493
763000,1,-2.91145,-381.878,0.195386,0.493
764000,1,-2.80366,-378.213,0.341441,0.515
765000,1,-5.66505,-376.48,0.328307,0.390471
766000,1,-2.41886,-376.98,0.145205,0.5
767000,1,-3.7174,-379.425,1.38349,0.477
768000,1,-3.3115,-377.462,1.17646,0.479
769000,1,-3.58442,-377.681,0.747049,0.484
770000,2,-9.01178,-375.651,4.80335,0.4984
771000,2,-11.9296,-366.75,2.77929,0.490308
772000,2,-6.71401,-377.076,1.30851,0.512875
773000,3,-7.70149,-381.29,2.47871,0.565
774000,1,-3.77011,-378.619,1.48169,0.546
775000,1,-7.70659,-375.933,2.96952,0.49
776000,1,-3.21081,-383.187,0.0365236,0.501714
777000,1,-3.05763,-376.55,0.582323,0.523
778000,1,-2.81095,-383.256,0.261667,0.468
779000,1,-3.09574,-382.011,0.871259,0.483
780000,1,-3.22805,-379.937,0.708632,0.499
781000,1,-5.29242,-378.061,0.747284,0.463
782000,1,-5.0681,-377.223,1.46655,0.505
783000,1,-4.84556,-377.568,0.255052,0.521
784000,1,-4.05753,-381.194,1.45338,0.494
785000,1,-3.37142,-381.387,1.18342,0.474
786000,2,-5.44051,-379.892,0.684556,0.498
787000,1,-3.74128,-377.853,0.664411,0.497118
788000,2,-5.9582,-379.296,0.372832,0.497
789000,1,-4.92255,-377.572,0.78011,0.505333
790000,1,-4.58986,-377.412,2.42337,0.526
791000,1,-4.90108,-379.782,0.183271,0.538
792000,1,-5.42181,-384.082,0.808786,0.519
793000,1,-7.24283,-377.777,1.33648,0.509
794000,1,-3.99636,-376.82,1.55077,0.479
795000,2,-4.59081,-368.937,0.739382,0.50195
796000,1,-4.69465,-376.885,2.04112,0.49876
797000,2,-6.79685,-377.683,2.15083,0.471
798000,1,-3.15563,-381.961,0.617886,0.49475
799000,1,-2.62104,-380.133,0.341151,0.5
800000,4,-9.9001,-376.885,2.1235,0.526
801000,2,-4.97913,-378.206,0.178858,0.566
802000,1,-3.6721,-377.473,0.941613,0.4994
803000,1,-4.51313,-377.922,2.29404,0.504
804000,2,-5.0599,-374.682,1.50289,0.497
805000,2,-6.13401,-370.779,1.8179,0.495385
806000,2,-5.64519,-369.517,1.35799,0.484
807000,2,-3.53378,-370.022,0.471158,0.507
808000,2,-10.7847,-366.029,0.452388,0.489857
809000,2,-10.7777,-367.017,1.0699,0.446
810000,2,-6.11874,-366.321,1.0614,0.516333
811000,2,-14.741,-365.818,1.7487,0.456
812000,3,-9.06585,-367.765,2.56629,0.498
813000,2,-4.13092,-371.613,0.765599,0.487
814000,2,-6.33298,-370.082,2.18212,0.478
815000,3,-8.9731,-369.572,1.26333,0.4857
816000,2,-6.78814,-371.949,1.94175,0.49325
817000,6,-21.7025,-381.519,6.10297,0.552
818000,2,-7.83616,-374.45,1.49868,0.48275
819000,2,-5.84092,-365.778,1.34266,0.50425
820000,3,-6.90243,-371.783,1.3742,0.453
821000,2,-6.44272,-365.023,0.530024,0.501
822000,2,-6.81867,-367.657,0.926149,0.434
823000,2,-4.09879,-376.007,0.693645,0.471
824000,2,-6.4219,-366.75,1.34772,0.498
825000,2,-6.58441,-367.715,0.669678,0.5085
826000,3,-9.78412,-371.845,3.61429,0.48
827000,2,-6.57414,-369.907,0.988637,0.483889
828000,3,-11.0575,-367.86,1.17784,0.5085
829000,3,-9.31572,-372.014,1.45714,0.513
830000,4,-9.22528,-367.208,2.06893,0.5158
831000,2,-6.58755,-373.34,2.3451,0.515
832000,2,-4.49822,-374.401,0.673959,0.501
833000,4,-11.2506,-365.936,2.02214,0.517
834000,4,-14.5741,-374.052,2.43674,0.547
835000,3,-8.34386,-372.644,0.228777,0.499
836000,5,-17.4243,-365.873,3.85689,0.509222
837000,2,-10.7126,-371.227,1.94452,0.476
838000,3,-9.84201,-374.031,1.19787,0.5135
839000,3,-9.85275,-368.18,0.680848,0.5
840000,2,-9.75397,-365.85,2.82766,0.479
841000,2,-14.2713,-372.495,1.48266,0.5102
842000,2,-8.6311,-372.082,0.692239,0.425
843000,2,-7.63109,-380.321,1.2246,0.501263
844000,1,-5.79288,-375.555,2.39695,0.505
845000,2,-8.63558,-370.008,1.32671,0.463333
846000,2,-11.0358,-374.517,1.65608,0.479
847000,2,-6.47555,-369.828,0.887359,0.466286
848000,2,-8.05967,-366.62,0.439865,0.457
849000,2,-7.54343,-370.714,1.90298,0.483
850000,1,-6.26273,-381.999,1.13496,0.505833
851000,2,-5.25407,-379.177,1.04752,0.466
852000,2,-6.54008,-365.093,1.28027,0.478667
853000,2,-8.19154,-370.649,0.305703,0.441
854000,2,-5.61594,-374.322,1.42205,0.4614
855000,2,-8.33763,-371.183,1.71745,0.465
856000,3,-13.7833,-374.197,2.91493,0.482556
857000,2,-7.44616,-380.729,0.516387,0.557
858000,1,-4.30844,-382.31,0.859619,0.476
859000,1,-3.04682,-382.099,0.554109,0.515
860000,1,-5.34881,-379.51,2.93714,0.521
861000,3,-11.3414,-370.876,4.63721,0.474
862000,3,-9.41438,-374.821,1.19715,0.556
863000,2,-6.06424,-370.297,1.01303,0.461
864000,2,-12.8656,-365.484,0.350666,0.465
865000,1,-3.08513,-379.326,0.457837,0.4926
866000,1,-3.40708,-381.676,1.22898,0.467
867000,2,-5.81315,-369.633,0.94749,0.482615
868000,2,-9.80797,-373.559,2.31297,0.477
869000,2,-6.48531,-369.399,2.45806,0.489
870000,2,-8.17008,-375.346,1.55533,0.505316
871000,1,-4.61074,-382.066,1.86382,0.528
872000,1,-3.45918,-379.277,0.40834,0.523
873000,2,-7.67577,-380.219,0.97849,0.482
874000,2,-6.97668,-382.21,2.19655,0.510125
875000,2,-10.0455,-366.134,3.27135,0.497333
876000,3,-9.37168,-369.188,2.02597,0.501667
877000,1,-5.44922,-376.068,1.17063,0.53925
878000,2,-13.3798,-364.205,2.34818,0.5075
879000,2,-9.9162,-372.601,2.65504,0.454
880000,2,-11.5445,-368.713,1.98193,0.476
881000,2,-8.73915,-363.711,0.9651,0.461
882000,2,-5.67493,-367.498,0.976468,0.465
883000,5,-12.8431,-367.869,0.54847,0.502
884000,3,-9.9304,-369.474,2.47129,0.500667
885000,2,-7.69438,-369.619,1.29044,0.503
886000,1,-2.53377,-380.562,0.437605,0.520778
887000,2,-5.11101,-367.347,0.815415,0.49725
888000,3,-10.2085,-366.649,1.76191,0.492
889000,1,-3.68274,-379.603,1.12166,0.496667
890000,2,-5.92167,-376.092,1.45816,0.5145
891000,1,-3.52133,-382.177,1.13004,0.491
892000,1,-3.71378,-379.459,0.320718,0.516
893000,3,-10.3324,-377.971,3.25252,0.505
894000,2,-6.42414,-369.167,1.17506,0.486667
895000,3,-8.65745,-369.51,1.50168,0.464
896000,3,-10.2632,-365.218,0.839075,0.476
897000,4,-10.9207,-368.962,2.81754,0.544
898000,3,-8.90271,-382.973,2.96156,0.5028
899000,1,-4.83288,-377.1,0.619502,0.539
900000,1,-5.68956,-378.999,1.92296,0.477
901000,1,-5.83517,-375.66,0.952499,0.506909
902000,2,-6.86691,-368.219,2.01003,0.5078
903000,2,-9.77158,-369.864,2.4892,0.5
904000,1,-2.61065,-380.208,0.149293,0.491
905000,2,-4.67411,-369.247,0.901426,0.476667
906000,3,-10.0683,-367.262,2.80995,0.47
907000,2,-5.85572,-374.569,0.873258,0.495333
908000,2,-8.3525,-375.681,2.84165,0.501
909000,2,-6.91289,-380.114,0.595688,0.536
910000,1,-4.43602,-380.33,1.32698,0.549
911000,1,-7.09479,-378.922,0.205785,0.481
912000,1,-4.61101,-384.268,1.52064,0.508
913000,2,-9.40727,-370.441,1.59809,0.4924
914000,3,-11.2247,-367.2,3.48838,0.488
915000,3,-11.9453,-371.122,1.98444,0.480222
916000,2,-6.216,-366.284,0.200701,0.456
917000,3,-9.19669,-369.63,2.88379,0.49
918000,3,-10.0605,-375.211,2.7391,0.515
919000,2,-8.2224,-372.907,4.9563,0.4962
920000,4,-14.9201,-368.673,5.34024,0.507
921000,4,-13.1888,-371.431,2.73875,0.515
922000,2,-7.83021,-369.257,1.57303,0.4846
923000,1,-5.64979,-382.907,1.9702,0.489478
924000,1,-3.05837,-379.136,0.478231,0.468
925000,2,-9.75833,-369.015,1.76771,0.461857
926000,6,-22.6665,-369.098,3.69175,0.534
927000,2,-4.97912,-370.245,0.879862,0.4856
928000,2,-4.23171,-368.005,0.23131,0.517
929000,2,-6.69438,-381.718,1.08637,0.5188
930000,2,-9.53506,-372.248,2.85412,0.4865
931000,2,-4.80785,-367.322,0.349322,0.5034
932000,2,-6.81035,-384.408,2.17169,0.485
933000,1,-4.42466,-380.326,0.336858,0.513
934000,1,-4.04876,-382.334,2.14745,0.504
935000,3,-17.0053,-367.495,2.47225,0.501833
936000,2,-10.7223,-366.754,1.01446,0.476
937000,2,-7.00954,-369.487,0.901132,0.48
938000,3,-12.9376,-370.496,3.34956,0.49975
939000,2,-6.32563,-369.957,1.76806,0.505
940000,2,-8.54712,-369.909,1.4448,0.484
941000,4,-9.862,-372.743,1.10878,0.497
942000,2,-7.02814,-363.698,0.433524,0.494364
943000,3,-9.78764,-366.524,2.0562,0.515
944000,2,-5.01678,-371.42,0.293949,0.482
945000,1,-5.10462,-375.194,0.939388,0.493455
946000,1,-6.70331,-380.319,1.9408,0.467
947000,2,-5.90004,-378.054,2.03138,0.4674
948000,2,-11.4877,-367.523,2.15226,0.485455
949000,2,-4.8052,-379.536,0.724339,0.529
950000,3,-10.328,-369.589,3.95432,0.516
951000,3,-7.93044,-369.28,1.99229,0.506714
952000,4,-15.9127,-364.246,4.60305,0.525
953000,1,-2.74195,-376.643,0.461765,0.514
954000,2,-6.46519,-368.213,1.68717,0.4885
955000,2,-5.39319,-378.281,1.3115,0.545
956000,2,-10.0691,-367.061,1.00167,0.4395
957000,1,-6.72702,-381.159,0.553366,0.484
958000,1,-5.18627,-377.383,0.923848,0.399
959000,2,-11.4798,-369.533,1.17194,0.48
960000,1,-4.00288,-376.024,1.09889,0.512154
961000,3,-15.9025,-373.764,2.12872,0.564
962000,3,-10.2009,-373.833,2.00119,0.542
963000,3,-7.11047,-372.329,2.78837,0.522
964000,2,-10.3231,-369.96,2.06798,0.5265
965000,2,-6.75301,-369.2,1.05288,0.513
966000,2,-14.8984,-365.422,1.66409,0.479
967000,2,-8.30123,-367.275,0.701878,0.499
968000,1,-7.96221,-378.685,1.13135,0.501
969000,3,-9.4804,-379.428,1.97981,0.5225
970000,3,-7.41914,-372.859,1.01428,0.524
971000,3,-8.37719,-366.809,0.537297,0.525
972000,3,-14.008,-368.463,2.73229,0.507
973000,3,-9.9727,-370.181,2.72458,0.537
974000,2,-10.7962,-369.573,1.74528,0.492
975000,2,-7.99997,-366.453,0.711037,0.489
976000,1,-5.22427,-375.966,1.41289,0.4985
977000,1,-3.47037,-378.952,0.969131,0.503111
978000,1,-4.33968,-375.575,0.74557,0.504
979000,1,-3.65295,-378.448,0.497548,0.485
980000,2,-9.86659,-380.463,1.53247,0.511
981000,1,-5.61455,-383.31,0.549627,0.534
982000,1,-3.43285,-378.536,0.323839,0.509
983000,1,-3.42179,-378.187,0.410378,0.492
984000,1,-3.8039,-377.065,1.60309,0.50875
985000,3,-12.9968,-373.456,1.39066,0.506
986000,3,-8.75994,-365.665,0.825681,0.525
987000,0,-1.8671,-394.934,0.309021,0.494138
988000,2,-7.98967,-367.378,1.03711,0.497
989000,1,-3.45988,-380.498,0.612548,0.5034
990000,1,-3.54716,-392.608,0.930509,0.441667
991000,1,-5.46155,-382.6,1.60383,0.4925
992000,1,-4.29008,-380.351,0.640437,0.490444
993000,1,-3.99742,-379.247,0.983552,0.493
994000,2,-6.6511,-379.128,0.638005,0.459
995000,1,-5.17124,-377.476,0.595916,0.51425
996000,2,-5.96465,-379.228,0.789104,0.568
997000,3,-9.33698,-370.497,3.69083,0.483667
998000,2,-7.4966,-367.813,1.59842,0.487
999000,1,-5.66322,-380.907,0.204458,0.5156
