generation,rank_1,rank_2,swapAccepted
1000,1,2,1
2000,1,4,1
3000,2,3,1
4000,1,2,1
5000,2,3,1
6000,1,2,1
7000,1,4,1
8000,1,2,1
9000,2,3,1
10000,2,3,1
11000,2,3,1
12000,2,3,1
13000,1,3,1
14000,3,4,1
15000,1,3,1
16000,1,3,1
17000,1,4,1
18000,1,2,1
19000,1,4,1
20000,1,3,1
21000,2,4,1
22000,3,4,1
23000,2,4,1
24000,1,2,1
25000,1,3,1
26000,2,3,1
27000,1,2,1
28000,1,4,1
29000,3,4,1
30000,3,4,1
31000,2,4,1
32000,1,2,1
33000,1,4,1
34000,1,2,1
35000,2,3,1
36000,1,2,1
37000,1,4,1
38000,2,4,1
39000,2,4,1
40000,2,4,0
41000,2,4,1
42000,1,3,1
43000,3,4,1
44000,2,4,1
45000,1,4,1
46000,1,3,1
47000,3,4,1
48000,3,4,1
49000,1,4,1
50000,1,2,1
51000,1,2,1
52000,2,3,1
53000,2,3,1
54000,1,3,1
55000,1,3,1
56000,1,3,1
57000,3,4,1
58000,3,4,1
59000,1,2,1
60000,1,4,1
61000,2,3,1
62000,2,4,1
63000,3,4,1
64000,2,4,1
65000,3,4,1
66000,2,3,1
67000,2,3,1
68000,2,3,1
69000,1,2,1
70000,1,4,1
71000,2,3,1
72000,1,2,1
73000,1,2,1
74000,2,3,1
75000,1,3,1
76000,1,4,1
77000,3,4,1
78000,3,4,1
79000,1,4,0
80000,3,4,1
81000,1,3,1
82000,3,4,1
83000,1,2,1
84000,1,3,1
85000,1,2,1
86000,1,2,1
87000,1,3,1
88000,1,4,1
89000,1,4,1
90000,3,4,1
91000,3,4,0
92000,1,2,1
93000,3,4,1
94000,1,2,1
95000,1,3,1
96000,3,4,1
97000,2,3,1
98000,1,2,1
99000,1,2,1
100000,1,2,1
101000,3,4,1
102000,1,4,1
103000,2,3,1
104000,1,3,0
105000,1,4,1
106000,2,3,1
107000,1,3,1
108000,1,4,1
109000,2,3,1
110000,1,3,1
111000,1,2,1
112000,1,4,1
113000,1,3,1
114000,1,2,1
115000,2,3,1
116000,3,4,0
117000,2,4,1
118000,3,4,1
119000,1,4,1
120000,1,2,0
121000,3,4,1
122000,3,4,1
123000,2,3,1
124000,1,3,1
125000,2,3,1
126000,1,2,1
127000,2,3,1
128000,1,2,1
129000,2,3,1
130000,2,4,1
131000,1,3,1
132000,3,4,1
133000,1,4,1
134000,2,3,1
135000,2,4,1
136000,3,4,1
137000,1,2,1
138000,3,4,1
139000,1,4,0
140000,3,4,1
141000,1,4,1
142000,1,3,1
143000,1,3,1
144000,1,2,1
145000,2,3,1
146000,3,4,1
147000,1,3,1
148000,1,3,1
149000,1,2,1
150000,3,4,1
151000,1,3,1
152000,1,2,1
153000,1,4,1
154000,2,3,1
155000,1,4,0
156000,2,3,1
157000,1,3,1
158000,2,4,1
159000,3,4,1
160000,1,2,1
161000,1,2,1
162000,2,3,1
163000,2,3,1
164000,1,3,1
165000,1,2,1
166000,1,2,1
167000,2,3,1
168000,3,4,1
169000,1,2,1
170000,3,4,1
171000,3,4,1
172000,2,4,1
173000,2,3,1
174000,1,3,1
175000,1,2,1
176000,3,4,1
177000,1,3,1
178000,3,4,1
179000,1,4,1
180000,2,3,1
181000,3,4,0
182000,1,2,1
183000,3,4,1
184000,2,4,1
185000,3,4,1
186000,2,4,1
187000,1,3,1
188000,2,3,1
189000,2,3,1
190000,3,4,1
191000,3,4,1
192000,1,4,1
193000,1,4,0
194000,2,3,1
195000,3,4,1
196000,1,2,1
197000,1,4,1
198000,3,4,0
199000,1,3,0
200000,3,4,1
201000,3,4,1
202000,3,4,1
203000,3,4,1
204000,1,3,1
205000,3,4,1
206000,1,2,1
207000,1,4,1
208000,2,4,1
209000,1,4,1
210000,2,4,1
211000,1,2,1
212000,1,4,1
213000,3,4,1
214000,2,4,1
215000,3,4,1
216000,1,3,1
217000,1,4,1
218000,3,4,1
219000,3,4,1
220000,2,4,1
221000,1,2,0
222000,2,4,1
223000,2,3,1
224000,1,2,1
225000,1,4,1
226000,2,3,1
227000,1,4,1
228000,1,2,1
229000,2,3,1
230000,1,3,1
231000,1,4,1
232000,1,3,1
233000,2,4,1
234000,1,3,1
235000,3,4,1
236000,2,3,1
237000,1,2,1
238000,1,2,1
239000,1,2,1
240000,2,3,1
241000,1,2,1
242000,3,4,1
243000,1,2,1
244000,3,4,1
245000,2,3,0
246000,1,4,1
247000,3,4,1
248000,1,2,1
249000,3,4,1
250000,2,4,1
251000,2,3,1
252000,2,4,1
253000,1,4,1
254000,1,3,1
255000,2,4,1
256000,2,4,1
257000,1,4,1
258000,1,4,1
259000,2,3,1
260000,2,3,1
261000,1,2,1
262000,1,3,1
263000,3,4,1
264000,3,4,1
265000,3,4,1
266000,2,3,1
267000,2,3,1
268000,3,4,1
269000,3,4,1
270000,2,3,1
271000,1,3,1
272000,2,4,1
273000,1,3,1
274000,1,4,0
275000,1,2,1
276000,1,2,1
277000,1,2,1
278000,1,4,1
279000,1,2,1
280000,1,4,1
281000,1,4,1
282000,2,4,1
283000,1,2,1
284000,1,4,0
285000,3,4,1
286000,2,3,0
287000,1,2,0
288000,2,4,0
289000,1,2,1
290000,1,4,1
291000,1,3,1
292000,1,2,1
293000,3,4,1
294000,1,2,1
295000,1,2,1
296000,2,4,1
297000,2,3,1
298000,1,3,1
299000,1,2,1
300000,3,4,0
301000,1,2,1
302000,1,3,1
303000,2,3,1
304000,2,4,1
305000,1,2,1
306000,1,4,1
307000,1,4,1
308000,3,4,1
309000,1,2,1
310000,2,4,1
311000,1,2,1
312000,1,4,1
313000,1,3,1
314000,1,2,1
315000,2,3,1
316000,3,4,1
317000,3,4,1
318000,2,4,1
319000,1,4,1
320000,2,3,1
321000,2,4,1
322000,3,4,1
323000,1,3,1
324000,3,4,1
325000,1,4,1
326000,1,4,1
327000,2,4,1
328000,1,2,1
329000,1,2,1
330000,3,4,1
331000,3,4,1
332000,3,4,1
333000,1,4,1
334000,2,3,1
335000,1,3,1
336000,1,4,1
337000,1,3,1
338000,1,3,1
339000,2,3,1
340000,1,4,0
341000,2,4,0
342000,2,3,1
343000,2,3,1
344000,1,2,1
345000,1,4,1
346000,3,4,1
347000,2,3,1
348000,1,2,1
349000,2,3,1
350000,2,4,1
351000,2,4,1
352000,1,4,1
353000,2,3,1
354000,3,4,1
355000,1,2,1
356000,3,4,1
357000,1,2,1
358000,2,3,1
359000,1,3,1
360000,1,3,1
361000,3,4,1
362000,2,3,1
363000,1,4,1
364000,2,3,1
365000,2,3,1
366000,2,3,1
367000,1,3,1
368000,2,3,1
369000,1,3,1
370000,3,4,1
371000,1,4,1
372000,1,4,1
373000,1,2,1
374000,2,4,1
375000,1,2,1
376000,1,3,1
377000,2,3,0
378000,2,3,1
379000,1,3,1
380000,3,4,1
381000,1,3,1
382000,2,3,1
383000,1,4,1
384000,2,3,1
385000,1,3,1
386000,2,4,1
387000,2,4,1
388000,2,4,1
389000,2,3,1
390000,1,2,1
391000,2,3,1
392000,3,4,1
393000,3,4,1
394000,1,4,1
395000,2,4,1
396000,1,4,1
397000,1,2,1
398000,1,2,1
399000,1,4,1
400000,1,4,1
401000,2,4,1
402000,2,4,1
403000,1,4,1
404000,1,3,1
405000,1,2,1
406000,1,3,1
407000,1,4,1
408000,2,4,1
409000,1,2,1
410000,1,4,1
411000,1,2,1
412000,2,4,1
413000,2,3,1
414000,1,2,1
415000,1,2,1
416000,3,4,1
417000,3,4,1
418000,1,2,1
419000,1,2,1
420000,3,4,1
421000,1,2,1
422000,1,3,1
423000,1,2,1
424000,2,3,1
425000,2,4,1
426000,1,4,1
427000,1,4,1
428000,3,4,1
429000,1,2,1
430000,1,2,1
431000,3,4,1
432000,2,3,1
433000,1,3,1
434000,3,4,1
435000,1,3,1
436000,1,2,1
437000,1,3,1
438000,1,2,1
439000,2,3,1
440000,1,3,1
441000,1,3,1
442000,2,4,1
443000,1,4,1
444000,1,4,1
445000,1,3,1
446000,2,4,1
447000,2,4,1
448000,1,4,1
449000,1,3,1
450000,3,4,1
451000,1,3,1
452000,1,4,1
453000,1,4,1
454000,2,4,1
455000,2,3,1
456000,1,3,1
457000,2,3,1
458000,1,4,1
459000,1,3,1
460000,2,3,1
461000,3,4,1
462000,1,3,1
463000,1,3,1
464000,2,3,1
465000,2,3,1
466000,1,4,1
467000,2,3,1
468000,3,4,1
469000,1,3,1
470000,1,2,1
471000,1,3,1
472000,1,3,1
473000,2,3,1
474000,1,2,1
475000,1,3,1
476000,2,4,1
477000,1,2,1
478000,2,3,1
479000,2,4,0
480000,3,4,1
481000,1,2,1
482000,3,4,1
483000,1,2,1
484000,2,4,1
485000,2,3,1
486000,1,2,1
487000,2,3,1
488000,3,4,1
489000,2,4,1
490000,1,4,1
491000,3,4,1
492000,1,2,1
493000,1,3,1
494000,3,4,1
495000,3,4,1
496000,1,4,1
497000,2,4,1
498000,3,4,1
499000,2,3,1
500000,3,4,1
501000,2,4,1
502000,1,4,1
503000,1,2,1
504000,2,3,1
505000,1,3,1
506000,2,4,1
507000,3,4,1
508000,1,2,1
509000,3,4,1
510000,1,4,1
511000,1,3,1
512000,1,4,1
513000,1,3,1
514000,3,4,1
515000,2,4,1
516000,3,4,1
517000,2,3,1
518000,1,4,1
519000,1,4,1
520000,1,3,1
521000,1,2,1
522000,1,3,1
523000,1,2,1
524000,1,3,1
525000,1,2,1
526000,1,3,1
527000,1,3,1
528000,1,3,1
529000,2,3,1
530000,1,3,1
531000,1,4,1
532000,1,2,1
533000,3,4,1
534000,1,3,1
535000,2,4,1
536000,1,3,1
537000,2,3,1
538000,1,3,1
539000,2,3,1
540000,2,4,1
541000,3,4,1
542000,2,4,1
543000,2,4,1
544000,1,2,1
545000,3,4,1
546000,2,3,1
547000,1,4,1
548000,2,3,1
549000,1,4,1
550000,3,4,1
551000,1,4,1
552000,1,4,1
553000,2,3,1
554000,1,2,1
555000,1,3,1
556000,1,2,1
557000,3,4,1
558000,2,3,1
559000,1,3,1
560000,1,3,1
561000,1,4,1
562000,3,4,1
563000,1,2,1
564000,1,3,1
565000,2,3,1
566000,1,4,1
567000,2,3,1
568000,1,4,1
569000,1,4,1
570000,1,3,1
571000,3,4,1
572000,1,3,1
573000,2,3,1
574000,2,4,1
575000,2,3,1
576000,1,4,1
577000,3,4,1
578000,2,3,1
579000,2,4,1
580000,3,4,1
581000,1,3,1
582000,3,4,1
583000,2,4,1
584000,2,4,1
585000,3,4,1
586000,3,4,0
587000,1,4,1
588000,2,4,1
589000,1,3,1
590000,2,4,1
591000,3,4,1
592000,3,4,1
593000,2,4,0
594000,1,2,1
595000,2,3,1
596000,1,2,1
597000,2,3,1
598000,2,4,1
599000,1,2,1
600000,2,4,1
601000,1,2,1
602000,2,3,1
603000,1,3,1
604000,1,3,1
605000,3,4,1
606000,1,3,1
607000,2,3,1
608000,2,4,1
609000,1,2,1
610000,1,2,1
611000,2,3,1
612000,1,3,1
613000,3,4,1
614000,2,3,1
615000,1,2,1
616000,2,4,1
617000,1,4,1
618000,3,4,1
619000,1,3,1
620000,1,3,1
621000,1,2,1
622000,2,4,1
623000,1,2,1
624000,1,4,1
625000,3,4,1
626000,2,4,1
627000,3,4,1
628000,1,3,1
629000,2,3,1
630000,2,4,1
631000,2,4,1
632000,2,4,1
633000,2,4,1
634000,1,2,1
635000,1,3,1
636000,2,3,1
637000,2,3,1
638000,3,4,1
639000,1,3,1
640000,1,2,1
641000,1,4,1
642000,1,2,1
643000,1,2,1
644000,1,4,1
645000,2,4,1
646000,2,3,1
647000,2,4,1
648000,3,4,1
649000,1,4,1
650000,2,3,1
651000,2,3,1
652000,1,2,1
653000,1,4,1
654000,2,4,1
655000,2,4,1
656000,1,4,1
657000,2,4,1
658000,2,3,1
659000,1,3,1
660000,2,3,1
661000,1,3,1
662000,2,4,1
663000,2,3,1
664000,1,4,1
665000,2,3,1
666000,2,3,1
667000,3,4,1
668000,2,3,1
669000,1,4,1
670000,1,3,1
671000,1,4,1
672000,3,4,1
673000,1,2,1
674000,1,3,1
675000,1,2,1
676000,1,2,1
677000,1,2,1
678000,1,2,1
679000,1,2,1
680000,3,4,1
681000,2,4,1
682000,1,3,1
683000,3,4,1
684000,1,3,1
685000,1,3,1
686000,1,3,1
687000,1,2,1
688000,3,4,1
689000,2,4,1
690000,3,4,1
691000,1,2,1
692000,1,4,1
693000,1,4,1
694000,3,4,1
695000,1,4,1
696000,1,3,1
697000,1,4,1
698000,2,3,1
699000,2,3,1
700000,1,4,1
701000,1,3,1
702000,1,2,1
703000,1,2,1
704000,1,3,1
705000,3,4,1
706000,1,3,1
707000,2,3,1
708000,3,4,1
709000,3,4,1
710000,1,3,1
711000,1,2,1
712000,2,3,0
713000,1,2,1
714000,2,4,1
715000,1,2,1
716000,2,3,1
717000,1,2,1
718000,3,4,1
719000,2,3,1
720000,1,3,1
721000,2,3,1
722000,2,3,1
723000,1,3,1
724000,3,4,1
725000,1,3,1
726000,1,4,1
727000,1,2,1
728000,1,3,1
729000,1,2,1
730000,1,2,1
731000,1,2,1
732000,2,3,1
733000,3,4,1
734000,1,2,1
735000,2,3,1
736000,1,2,1
737000,2,3,1
738000,1,3,1
739000,3,4,1
740000,3,4,1
741000,1,4,1
742000,2,3,1
743000,1,4,1
744000,1,3,1
745000,2,3,1
746000,1,2,1
747000,3,4,1
748000,2,4,0
749000,1,3,1
750000,1,2,1
751000,2,3,1
752000,3,4,1
753000,2,4,1
754000,1,2,1
755000,3,4,1
756000,1,4,1
757000,2,4,1
758000,3,4,1
759000,1,2,1
760000,1,3,1
761000,1,3,1
762000,3,4,1
763000,3,4,1
764000,2,3,1
765000,1,4,1
766000,3,4,1
767000,2,4,1
768000,2,4,0
769000,2,4,1
770000,1,2,1
771000,1,4,1
772000,1,3,1
773000,2,3,1
774000,2,3,1
775000,2,3,1
776000,1,3,1
777000,2,4,1
778000,2,4,1
779000,3,4,0
780000,2,4,1
781000,2,3,1
782000,2,4,0
783000,2,4,1
784000,2,4,1
785000,2,3,1
786000,2,3,1
787000,1,3,1
788000,2,4,1
789000,1,3,1
790000,2,3,1
791000,3,4,1
792000,2,3,1
793000,1,3,1
794000,3,4,1
795000,1,2,1
796000,1,3,1
797000,2,3,1
798000,1,3,1
799000,2,3,1
800000,2,3,1
801000,2,3,1
802000,1,2,1
803000,2,3,1
804000,3,4,1
805000,1,3,1
806000,2,4,1
807000,2,3,1
808000,1,3,1
809000,3,4,1
810000,1,4,1
811000,2,4,1
812000,1,2,1
813000,1,2,1
814000,2,4,1
815000,1,3,1
816000,1,4,1
817000,2,4,1
818000,1,3,1
819000,1,2,1
820000,2,4,1
821000,2,4,1
822000,3,4,1
823000,3,4,1
824000,2,4,1
825000,1,3,1
826000,1,2,1
827000,1,4,1
828000,1,4,1
829000,3,4,1
830000,1,2,1
831000,1,3,0
832000,1,2,1
833000,1,4,0
834000,3,4,1
835000,2,4,1
836000,1,2,1
837000,1,2,1
838000,1,2,1
839000,1,2,1
840000,2,3,1
841000,1,4,1
842000,3,4,1
843000,1,2,1
844000,3,4,1
845000,1,2,1
846000,2,3,1
847000,1,4,1
848000,2,3,1
849000,2,4,1
850000,1,4,1
851000,2,4,1
852000,1,4,1
853000,2,3,1
854000,1,3,1
855000,1,3,1
856000,1,2,1
857000,3,4,1
858000,2,4,1
859000,2,4,1
860000,2,4,1
861000,1,4,1
862000,2,4,1
863000,2,3,1
864000,3,4,1
865000,1,4,1
866000,3,4,1
867000,1,4,1
868000,3,4,1
869000,3,4,1
870000,1,2,1
871000,3,4,1
872000,2,4,1
873000,3,4,1
874000,1,4,1
875000,1,3,1
876000,1,2,1
877000,1,4,1
878000,1,4,1
879000,3,4,1
880000,2,4,1
881000,2,3,1
882000,1,4,0
883000,2,3,1
884000,1,4,1
885000,2,3,1
886000,1,2,1
887000,1,4,1
888000,2,3,1
889000,1,4,1
890000,1,4,1
891000,1,4,1
892000,2,3,1
893000,2,3,1
894000,1,3,1
895000,2,3,1
896000,1,4,0
897000,3,4,1
898000,1,2,1
899000,3,4,1
900000,2,4,1
901000,1,2,1
902000,1,4,1
903000,1,3,1
904000,1,4,1
905000,1,3,1
906000,2,4,1
907000,1,3,1
908000,2,4,1
909000,2,3,1
910000,2,4,1
911000,2,4,1
912000,2,3,1
913000,1,4,1
914000,2,4,1
915000,1,3,1
916000,3,4,1
917000,3,4,1
918000,3,4,1
919000,1,4,1
920000,3,4,1
921000,2,3,1
922000,1,3,1
923000,1,4,1
924000,2,4,1
925000,1,4,1
926000,3,4,1
927000,1,2,1
928000,3,4,1
929000,1,4,1
930000,1,4,1
931000,1,2,1
932000,1,3,1
933000,2,3,1
934000,2,4,1
935000,1,2,1
936000,2,3,1
937000,2,3,0
938000,1,2,1
939000,3,4,1
940000,2,3,1
941000,2,3,1
942000,1,3,1
943000,1,3,1
944000,2,4,1
945000,1,2,1
946000,3,4,1
947000,1,4,1
948000,1,3,1
949000,1,4,1
950000,1,4,1
951000,1,2,1
952000,3,4,1
953000,1,3,1
954000,1,3,1
955000,1,3,1
956000,1,3,1
957000,1,3,1
958000,2,3,1
959000,1,2,1
960000,1,4,1
961000,2,3,1
962000,2,4,1
963000,1,2,1
964000,1,2,1
965000,3,4,1
966000,2,4,0
967000,1,3,0
968000,1,2,1
969000,1,2,1
970000,2,3,1
971000,2,3,1
972000,1,4,0
973000,2,3,1
974000,3,4,1
975000,3,4,1
976000,1,2,1
977000,1,3,1
978000,2,4,1
979000,2,4,1
980000,2,3,1
981000,2,3,1
982000,2,3,1
983000,2,3,1
984000,1,3,1
985000,1,2,1
986000,3,4,1
987000,1,3,1
988000,1,3,1
989000,1,2,1
990000,1,3,1
991000,1,3,1
992000,1,4,1
993000,3,4,1
994000,3,4,1
995000,1,4,1
996000,3,4,1
997000,1,2,1
998000,3,4,1
999000,1,4,1
1000000,2,3,1
