generation,N_shifts,logPrior,logLik,eventRate,acceptRate
0,0,-1.60175,-821.39,1,0
1000,0,-2.10923,-386.38,0.257499,0.342657
2000,0,-1.13342,-387.328,0.263768,0.32034
3000,0,-1.3767,-387.364,0.542695,0.275
4000,1,-3.21266,-375.306,0.656682,0.475333
5000,1,-4.1385,-375.229,0.618724,0.521
6000,1,-3.4321,-373.481,0.558953,0.519
7000,1,-3.40905,-377.87,0.22385,0.491
8000,3,-15.9355,-375.646,4.37872,0.374703
9000,2,-6.11851,-373.602,0.782018,0.4875
10000,1,-9.02016,-373.128,0.709795,0.488
11000,1,-5.45411,-373.662,0.937712,0.447
12000,3,-13.705,-373.19,2.53618,0.51
13000,0,-1.81337,-386.618,0.0885207,0.3229
14000,0,-2.42509,-387.469,1.41777,0.289
15000,2,-6.26035,-373.403,1.92143,0.512333
16000,0,-2.95406,-388.116,0.351778,0.325
17000,1,-7.1089,-373.799,0.322507,0.497
18000,1,-8.00177,-376.133,1.58414,0.3705
19000,2,-6.96904,-373.093,1.52569,0.5115
20000,2,-9.36848,-359.647,3.09587,0.48275
21000,2,-11.6885,-361.081,2.62132,0.492
22000,2,-4.32689,-361.406,0.818214,0.473
23000,4,-10.6009,-362.293,2.97011,0.454
24000,2,-8.61706,-362.847,2.53164,0.549
25000,1,-4.22415,-374.437,1.50712,0.517167
26000,1,-9.10112,-373.855,1.33134,0.474
27000,1,-7.36655,-375.148,2.68768,0.48
28000,1,-5.91845,-373.964,1.43223,0.456571
29000,1,-6.21686,-381.511,1.70364,0.494182
30000,1,-4.50163,-374.641,0.182863,0.4675
31000,1,-3.20966,-374.839,0.751007,0.482
32000,1,-3.22649,-375.383,0.569304,0.456
33000,1,-7.43659,-377.447,2.68731,0.4705
34000,2,-9.96592,-376.106,0.670887,0.482571
35000,2,-6.27351,-377.221,1.05688,0.524
36000,2,-4.9905,-372.689,0.81517,0.509
37000,2,-7.56957,-376.762,1.62061,0.4948
38000,2,-5.31243,-374.333,1.28453,0.515
39000,1,-4.84923,-374.142,0.706283,0.519
40000,1,-3.15589,-377.042,0.615569,0.472
41000,1,-3.4689,-375.841,1.28189,0.484875
42000,4,-8.11447,-360.162,1.06937,0.467
43000,1,-4.61664,-374.725,1.90721,0.476286
44000,2,-5.65475,-355.254,1.91718,0.472
45000,2,-7.13565,-359.395,0.388627,0.486
46000,2,-6.25025,-361.548,1.22539,0.436
47000,2,-8.26135,-362.186,1.25049,0.458
48000,1,-4.06333,-375.885,1.43554,0.455143
49000,2,-6.02416,-360.642,1.01117,0.4445
50000,3,-10.7784,-367.145,4.31578,0.462
51000,2,-7.69753,-359.183,1.6485,0.481
52000,2,-10.1479,-359.854,1.97458,0.44
53000,3,-8.50618,-361.825,1.45438,0.471
54000,2,-6.9744,-362.789,3.42226,0.494
55000,2,-6.82415,-365.619,0.333447,0.438
56000,2,-6.06006,-374.122,2.61508,0.448625
57000,1,-4.41962,-373.927,0.742992,0.514
58000,1,-3.78191,-372.334,1.24618,0.522
59000,2,-4.81048,-365.349,1.2157,0.476
60000,2,-5.32181,-365.892,1.16256,0.485
61000,1,-3.80695,-372.722,0.284615,0.507333
62000,1,-5.37889,-372.557,0.20652,0.476
63000,2,-6.85275,-359.395,1.43115,0.494667
64000,3,-11.514,-361.221,2.22495,0.489
65000,2,-7.729,-356.896,3.2478,0.47175
66000,2,-7.29207,-357.932,1.5833,0.453
67000,2,-7.61182,-354.39,2.90846,0.48
68000,2,-6.46014,-359.526,1.5545,0.474
69000,2,-6.42146,-364.587,2.80754,0.4766
70000,1,-3.61408,-373.757,0.672322,0.472
71000,2,-5.71729,-360.56,1.36141,0.443
72000,2,-11.2838,-356.775,3.0256,0.46025
73000,3,-9.67814,-360.5,1.72153,0.432
74000,4,-13.0626,-371.817,4.76659,0.461
75000,2,-6.33634,-356.733,2.33186,0.477
76000,1,-4.22715,-375.966,0.770453,0.486167
77000,2,-5.58702,-358.387,0.762681,0.4425
78000,2,-6.73769,-363.76,1.78591,0.451273
79000,2,-7.40266,-357.029,2.49079,0.449875
80000,2,-6.86687,-360.662,1.66171,0.451
81000,2,-8.3792,-360.341,1.38001,0.434
82000,2,-8.44433,-356.48,1.42976,0.4665
83000,2,-7.44726,-362.121,2.17837,0.465
84000,1,-3.92478,-377.736,0.559508,0.4775
85000,1,-7.00041,-381.216,1.76589,0.44
86000,3,-9.06049,-356.663,1.36174,0.454444
87000,2,-6.34157,-356.551,2.28449,0.519
88000,2,-4.46862,-357.489,0.561213,0.483
89000,2,-6.68937,-356.536,2.68877,0.502
90000,3,-15.2147,-361.584,0.844474,0.462
91000,2,-7.7548,-358.509,1.32689,0.4617
92000,3,-10.8136,-355.481,2.7347,0.482
93000,2,-11.8688,-359.356,3.15981,0.482
94000,2,-7.03121,-360.541,1.17391,0.498
95000,2,-5.47785,-356.436,0.181279,0.47
96000,2,-7.38632,-358.392,0.696937,0.476
97000,2,-6.17081,-360.616,0.622927,0.466
98000,2,-9.31326,-360.908,1.38022,0.452
99000,1,-1.9522,-376.305,0.146467,0.484786
100000,2,-11.2737,-358.255,1.70028,0.475429
101000,2,-5.1819,-360.185,1.30661,0.436
102000,3,-9.47166,-360.591,3.91162,0.478
103000,2,-5.16616,-362.705,0.96046,0.466
104000,2,-8.22066,-355.68,1.28029,0.459
105000,3,-9.37745,-357.385,2.89939,0.482
106000,3,-11.577,-356.339,1.42285,0.466826
107000,2,-9.14321,-359.294,2.30893,0.476
108000,2,-9.12413,-361.003,1.9227,0.476
109000,2,-5.49652,-362.086,0.715226,0.484
110000,2,-4.88547,-358.468,1.40028,0.519
111000,2,-7.71118,-358.318,3.40851,0.438
112000,2,-7.99963,-364.361,2.92814,0.42
113000,1,-4.70329,-371.968,1.47848,0.495857
114000,2,-4.67874,-359.895,0.521865,0.457
115000,3,-9.76875,-365.947,3.88852,0.478706
116000,1,-3.20256,-375.238,0.253883,0.488667
117000,1,-4.27264,-374.837,0.200202,0.506
118000,2,-6.66833,-362.2,1.82715,0.451462
119000,3,-6.99326,-365.649,2.08371,0.4635
120000,3,-9.17507,-360.909,2.2578,0.441
121000,2,-6.65899,-375.928,2.59171,0.491
122000,2,-6.49792,-364.207,1.98577,0.46475
123000,1,-3.16416,-374.236,1.18707,0.5015
124000,1,-4.32678,-375.749,1.55847,0.445
125000,3,-11.3918,-375.994,0.872059,0.481
126000,2,-5.35689,-356.006,0.971918,0.462167
127000,2,-5.30011,-355.667,1.67046,0.465
128000,3,-6.6527,-364.961,1.22254,0.477
129000,2,-4.20027,-359.84,0.372895,0.459
130000,2,-7.67064,-357.547,2.74083,0.458625
131000,2,-11.5979,-357.252,2.13734,0.4895
132000,2,-4.73871,-359.124,0.895429,0.470071
133000,2,-4.83556,-359.888,0.927426,0.476
134000,2,-4.59491,-359.242,1.1521,0.465667
135000,3,-9.33404,-358.56,4.13198,0.472
136000,2,-6.4942,-360.875,0.336891,0.48875
137000,3,-7.89349,-363.55,3.42226,0.459
138000,2,-7.69586,-356.644,2.5174,0.4998
139000,2,-9.56704,-355.994,2.88734,0.457
140000,2,-9.65727,-361.355,3.205,0.4722
141000,3,-7.95993,-358.119,2.19559,0.435
142000,2,-6.76673,-357.353,0.60196,0.459
143000,2,-8.75407,-358.362,0.87197,0.495
144000,2,-8.73261,-358.95,2.58271,0.461
145000,3,-10.6452,-366.521,2.31546,0.468
146000,2,-7.24536,-355.496,1.12394,0.467889
147000,2,-8.0378,-355.596,2.90438,0.472
148000,2,-9.94649,-364.736,3.31823,0.476
149000,2,-5.61023,-360.82,1.32856,0.456143
150000,2,-4.48356,-358.084,0.761661,0.492
151000,2,-6.35437,-362.254,2.4375,0.474
152000,2,-5.86456,-361.355,1.96838,0.452571
153000,2,-7.16593,-358.235,1.12836,0.484321
154000,2,-6.0439,-356.054,1.25685,0.465
155000,2,-12.6387,-358.315,1.42903,0.478
156000,2,-4.70301,-358.137,0.630757,0.467
157000,2,-6.58693,-356.67,1.74993,0.464889
158000,2,-7.91571,-357.018,2.21246,0.485
159000,3,-12.5626,-355.733,0.468032,0.515
160000,3,-7.64544,-357.371,2.72237,0.497
161000,3,-9.40556,-362.08,1.90012,0.4895
162000,3,-9.30723,-355.396,1.53903,0.5045
163000,3,-7.17005,-357.887,0.91374,0.445
164000,2,-5.23044,-357.856,0.426503,0.471462
165000,2,-6.15427,-362.748,1.21662,0.479
166000,2,-5.47627,-362.734,1.06068,0.462
167000,2,-8.55541,-362.808,2.75133,0.485067
168000,2,-6.91426,-356.257,0.972772,0.460857
169000,4,-14.0258,-363.421,0.897785,0.495
170000,2,-7.0842,-359.049,0.775342,0.435
171000,2,-6.18548,-360.588,1.22004,0.485
172000,2,-4.23784,-362.581,0.251685,0.42
173000,3,-10.4217,-362.063,2.67332,0.468333
174000,2,-8.58175,-356.348,0.287428,0.472125
175000,2,-5.05097,-358.416,0.652274,0.458
176000,3,-12.7386,-361.146,2.99756,0.463
177000,3,-8.24646,-360.39,1.76581,0.459
178000,2,-6.12649,-360.209,1.4502,0.4868
179000,3,-6.76607,-359.453,1.12235,0.4775
180000,2,-5.88628,-356.765,0.764797,0.47
181000,2,-9.98523,-357.656,4.23604,0.464
182000,2,-5.19629,-360.742,1.82673,0.47025
183000,2,-3.187,-359.41,0.1595,0.48
184000,2,-6.66271,-358.614,2.17892,0.470238
185000,2,-4.42825,-361.632,0.107131,0.486
186000,2,-5.5347,-360.618,1.64054,0.444
187000,3,-8.86271,-354.877,2.01497,0.486
188000,2,-5.52444,-359.51,1.26861,0.436
189000,3,-10.6856,-357.837,2.55172,0.467647
190000,2,-6.67206,-360.692,1.36819,0.459
191000,2,-5.34645,-357.293,1.65319,0.4695
192000,3,-6.75977,-360.251,1.76684,0.464818
193000,3,-8.99159,-359.292,2.01015,0.509
194000,2,-4.68716,-360.723,1.3233,0.486
195000,2,-4.8243,-365.339,0.982372,0.469714
196000,2,-6.26983,-363.312,0.830958,0.434
197000,2,-4.80198,-358.939,1.8028,0.46
198000,4,-9.86204,-363.754,2.34631,0.489125
199000,2,-3.61942,-363.515,0.597728,0.48
200000,3,-6.9025,-365.992,1.40055,0.495
201000,2,-5.2559,-364.637,1.55851,0.455
202000,2,-7.17894,-363.875,3.49403,0.452
203000,2,-4.21007,-360.622,1.02792,0.484667
204000,3,-7.82606,-371.576,1.72126,0.458125
205000,2,-6.93943,-363.241,2.63168,0.449
206000,2,-6.36175,-364.238,1.88292,0.45
207000,2,-5.27564,-361.323,1.79779,0.467
208000,4,-10.3241,-358.889,2.58411,0.472
209000,2,-5.16104,-362.389,0.820807,0.491
210000,2,-5.21441,-360.434,1.48847,0.443
211000,5,-14.3745,-365.069,4.18573,0.482375
212000,2,-6.3908,-362.876,2.67625,0.454
213000,2,-11.4162,-362.83,4.43584,0.463
214000,2,-5.32558,-359.312,1.35681,0.499333
215000,2,-4.66917,-361.425,1.11511,0.4874
216000,2,-3.45421,-364.836,0.416182,0.474
217000,2,-8.23212,-363.798,1.2096,0.464
218000,2,-4.63032,-364.146,0.690405,0.448
219000,2,-6.10335,-360.76,1.3353,0.469167
220000,4,-18.769,-362.537,2.31132,0.4685
221000,3,-10.6671,-365.736,1.43118,0.452
222000,2,-7.87684,-365.503,1.19319,0.44
223000,2,-9.6454,-361.821,4.5866,0.462
224000,2,-6.26077,-357.219,2.80783,0.4622
225000,2,-6.49422,-357.065,2.70197,0.509
226000,3,-6.44446,-358.033,1.40539,0.506
227000,3,-6.98883,-361.5,1.29086,0.482
228000,2,-6.91972,-364.886,3.17476,0.469667
229000,2,-5.07403,-359.664,1.08664,0.476667
230000,4,-13.3441,-363.587,1.84452,0.4754
231000,2,-4.51138,-354.29,1.06876,0.4745
232000,2,-6.4352,-357.352,1.506,0.458
233000,2,-6.00718,-356.718,1.0808,0.438
234000,2,-4.76634,-358.35,1.56515,0.451
235000,3,-16.6736,-358.167,4.51464,0.437
236000,2,-6.1296,-365.087,0.737163,0.45675
237000,2,-5.17133,-361.397,1.80671,0.473
238000,2,-4.3287,-357.139,0.893733,0.448333
239000,2,-12.1751,-362.8,1.01174,0.4205
240000,2,-6.31198,-359.471,1.07798,0.46
241000,2,-9.2255,-359.181,1.26893,0.454545
242000,2,-9.26593,-358.468,1.94137,0.415
243000,2,-5.60042,-360.615,2.04571,0.455357
244000,2,-6.36222,-356.586,0.941692,0.498
245000,2,-10.2784,-355.199,0.549823,0.394667
246000,5,-14.6435,-357.574,4.03227,0.448286
247000,4,-11.7592,-356.523,1.87067,0.463857
248000,5,-17.6707,-357.83,3.16352,0.488
249000,2,-7.62871,-357.472,0.881376,0.498
250000,2,-6.75164,-358.783,1.56346,0.464
251000,2,-7.44223,-358.501,2.74616,0.476
252000,2,-5.17562,-358.949,1.36124,0.4725
253000,3,-9.44031,-358.842,0.988885,0.479
254000,3,-8.69873,-355.276,0.88832,0.482333
255000,2,-6.50222,-357.403,1.81276,0.482
256000,4,-12.6383,-365.486,1.02591,0.451
257000,2,-11.4139,-355.03,3.15509,0.526
258000,2,-7.06496,-358.535,1.9299,0.49
259000,3,-12.7626,-363.822,2.85654,0.467
260000,2,-3.77659,-359.645,0.447195,0.483364
261000,2,-7.70128,-362.124,2.36481,0.479
262000,2,-4.00903,-360.462,0.594541,0.436
263000,2,-5.67295,-354.557,1.14123,0.46425
264000,2,-4.47577,-359.011,0.856745,0.47685
265000,2,-7.66528,-361.663,1.74691,0.472
266000,3,-17.5561,-363.866,1.91495,0.43
267000,2,-5.52178,-364.193,1.25986,0.4655
268000,2,-5.43566,-361.31,1.38495,0.434
269000,2,-7.90586,-359.046,0.545001,0.488
270000,2,-9.25687,-359.931,2.69606,0.424
271000,2,-6.75612,-359.203,3.3002,0.436
272000,3,-7.8318,-362.163,2.15954,0.447
273000,2,-4.29339,-358.718,0.599824,0.478
274000,3,-10.2206,-363.7,1.57027,0.461083
275000,3,-11.5935,-363.965,3.33815,0.456583
276000,2,-6.28828,-357.24,1.35025,0.5
277000,2,-7.0612,-359.959,1.24694,0.443818
278000,3,-10.1076,-358.56,2.70154,0.483
279000,3,-11.7955,-360.51,1.49497,0.437
280000,2,-5.62955,-364.99,0.431444,0.422
281000,3,-11.2946,-364.006,1.23091,0.4562
282000,2,-9.39165,-360.445,3.8351,0.451
283000,2,-5.89204,-358.557,0.373694,0.457556
284000,2,-7.13513,-359.664,0.743581,0.491
285000,2,-6.00332,-357.17,1.21612,0.457
286000,4,-10.8335,-360.06,2.03774,0.525
287000,2,-5.49255,-357.973,0.958753,0.468
288000,2,-5.75463,-359.843,0.71679,0.442143
289000,2,-5.88857,-359.199,1.96844,0.494
290000,2,-6.55319,-356.339,1.18578,0.505
291000,2,-6.69923,-356.671,2.31733,0.468
292000,2,-8.6659,-357.106,1.06919,0.496
293000,2,-6.38083,-364.187,0.889686,0.486
294000,2,-5.856,-360.235,2.18174,0.434
295000,4,-9.99232,-357.109,3.13455,0.4655
296000,5,-16.5565,-361.242,5.44391,0.501
297000,3,-9.82178,-353.369,1.78774,0.494867
298000,3,-9.69817,-355.148,1.51569,0.437
299000,2,-6.21068,-365.844,1.8425,0.434
300000,2,-11.1796,-363.01,0.783301,0.414
301000,2,-5.81252,-356.721,0.90982,0.476
302000,2,-7.54753,-356.179,1.13816,0.444
303000,3,-9.68526,-363.936,2.40094,0.501
304000,3,-7.78186,-358.854,1.80147,0.532
305000,2,-4.44143,-360.895,0.433216,0.452
306000,2,-5.17627,-360.735,1.08974,0.463
307000,2,-9.55066,-363.757,2.77081,0.455
308000,3,-6.61986,-360.944,0.760302,0.482
309000,3,-10.4459,-361.765,3.17562,0.484
310000,3,-8.16789,-357.377,1.07621,0.452
311000,2,-3.60027,-357.453,0.204139,0.4745
312000,2,-8.55809,-356.742,1.20763,0.476
313000,3,-10.2475,-358.298,3.13153,0.472
314000,2,-5.62318,-360.578,0.370476,0.519
315000,2,-8.25006,-360.07,2.68043,0.471
316000,2,-9.08552,-356.961,0.904436,0.448
317000,2,-9.1022,-356.408,3.46662,0.470567
318000,2,-8.82957,-360.652,2.31112,0.443
319000,3,-9.3898,-361.878,2.1006,0.471522
320000,4,-8.37205,-356.408,1.14919,0.492
321000,3,-9.04794,-360.316,1.77095,0.523
322000,2,-7.97021,-357.912,3.02857,0.472
323000,2,-6.41373,-359.058,0.84211,0.475
324000,2,-5.83223,-357.057,1.47984,0.503
325000,2,-5.65961,-357.419,1.991,0.465857
326000,2,-4.21658,-359.877,1.03139,0.468
327000,2,-3.46175,-358.718,0.363122,0.464
328000,2,-7.47565,-357.964,2.33046,0.484
329000,2,-6.87885,-357.55,1.66244,0.4904
330000,2,-6.78134,-357.511,1.17863,0.476
331000,2,-7.22922,-360.499,3.07592,0.462
332000,2,-5.8013,-358.791,1.77608,0.495
333000,2,-7.14744,-356.651,1.33462,0.479059
334000,4,-16.7682,-363.683,4.76521,0.526
335000,3,-8.37838,-359.647,2.65656,0.476
336000,2,-6.91969,-356.559,2.39713,0.484
337000,2,-5.51431,-359.887,1.75231,0.455
338000,2,-5.7352,-356.351,1.87575,0.47275
339000,2,-6.14841,-357.632,1.04265,0.49
340000,3,-10.3877,-357.73,2.03879,0.518
341000,2,-6.1891,-355.058,2.333,0.488
342000,2,-7.20194,-356.935,0.880723,0.468
343000,2,-7.54094,-357.446,2.13683,0.495333
344000,2,-6.61354,-356.868,1.7719,0.465118
345000,2,-6.19346,-357.41,1.56027,0.453
346000,3,-10.5839,-356.807,1.96318,0.5025
347000,2,-4.5082,-358.851,1.07145,0.4596
348000,2,-6.9705,-361.605,2.53308,0.4645
349000,2,-6.98979,-357.456,1.4818,0.459
350000,4,-12.9936,-363.638,3.01525,0.448
351000,3,-11.2155,-358.362,2.10087,0.451
352000,2,-9.40873,-359.214,1.54334,0.43
353000,2,-8.97906,-361.547,0.840503,0.49
354000,2,-5.57279,-359.689,0.995073,0.496
355000,2,-8.26144,-361.391,1.26132,0.481
356000,2,-7.02285,-361.096,1.04293,0.470167
357000,3,-12.58,-369.71,1.77138,0.43
358000,2,-7.2802,-357.16,1.31523,0.483
359000,2,-6.02722,-354.22,1.52384,0.46
360000,2,-5.34764,-358.932,1.24475,0.462
361000,2,-11.016,-356.407,2.48496,0.463833
362000,2,-7.4615,-361.902,1.84226,0.499
363000,2,-5.44712,-357.158,0.705334,0.4792
364000,2,-5.3724,-362.851,1.71292,0.4858
365000,2,-7.03806,-357.756,3.20031,0.488
366000,2,-4.89007,-361.22,0.494956,0.471
367000,2,-6.11229,-361.409,2.12481,0.472
368000,2,-6.29553,-358.371,0.749442,0.433
369000,2,-5.55417,-360.904,0.570973,0.4792
370000,4,-12.8594,-364.668,3.59728,0.4815
371000,2,-6.24033,-363.201,1.54223,0.442
372000,2,-8.20802,-360.228,2.77579,0.4685
373000,2,-6.2462,-365.331,1.46922,0.4455
374000,3,-8.96899,-360.159,1.56956,0.470462
375000,2,-7.64425,-360.31,0.892712,0.467333
376000,2,-10.8077,-356.767,2.25959,0.47175
377000,3,-13.4684,-356.383,5.71157,0.488
378000,2,-6.65823,-360.886,2.23161,0.541
379000,2,-5.74389,-359.377,1.47919,0.476
380000,2,-4.82371,-358.863,0.254934,0.497
381000,2,-6.90837,-360.598,1.87542,0.4795
382000,2,-5.17471,-361.631,1.11033,0.477
383000,2,-8.04259,-359.344,1.82482,0.471125
384000,2,-14.2143,-360.885,3.33987,0.4674
385000,2,-9.08734,-360.504,0.615883,0.412
386000,2,-5.18349,-357.845,0.688669,0.4595
387000,3,-7.86557,-363.526,1.01144,0.474
388000,2,-8.33197,-356.579,1.42616,0.474
389000,2,-6.79947,-363.984,1.37708,0.399
390000,3,-8.21613,-358.632,2.45703,0.494
391000,2,-6.7403,-359.824,3.19645,0.452
392000,2,-9.16947,-360.732,4.60078,0.458
393000,2,-5.71573,-361.174,0.721961,0.461625
394000,2,-7.18315,-360.006,1.9043,0.427
395000,2,-8.85948,-357.738,0.800321,0.443167
396000,2,-6.94947,-355.248,0.746151,0.466
397000,2,-4.78338,-359.596,1.25082,0.471941
398000,2,-5.04182,-359.883,0.648828,0.4405
399000,2,-6.90745,-356.825,2.3542,0.472714
400000,2,-7.5202,-363.636,2.51618,0.441
401000,2,-5.02734,-358.191,0.627692,0.4865
402000,2,-8.20559,-360.79,1.21055,0.4215
403000,2,-6.69134,-354.995,0.410513,0.442
404000,2,-11.6473,-362.571,1.52401,0.438333
405000,3,-8.63831,-356.783,2.148,0.475182
406000,3,-8.46785,-359.584,1.13069,0.4565
407000,2,-6.26488,-355.736,0.781806,0.442
408000,2,-9.07843,-358.39,1.37906,0.447
409000,2,-11.8935,-356.149,2.12009,0.402
410000,3,-9.13862,-359.646,4.81909,0.4915
411000,3,-8.24279,-357.145,3.16564,0.494
412000,2,-5.66304,-355.958,0.399497,0.429
413000,2,-8.52375,-356.979,0.326877,0.436
414000,2,-8.5977,-357.609,1.55096,0.454353
415000,3,-10.2131,-360.1,2.44757,0.463
416000,2,-5.9958,-356.714,1.30127,0.462
417000,2,-6.05038,-354.302,1.23088,0.441333
418000,2,-6.27683,-358.923,1.94097,0.449538
419000,2,-3.93773,-358.42,0.243836,0.43
420000,2,-5.53903,-357.059,0.743553,0.4805
421000,3,-9.26386,-357.004,1.9955,0.476
422000,2,-6.7893,-356.837,0.536216,0.4736
423000,2,-7.14233,-361.219,1.7261,0.4375
424000,2,-7.64719,-360.256,3.27994,0.438
425000,2,-6.93541,-356.289,0.576456,0.496333
426000,2,-6.36037,-360.351,1.35023,0.496
427000,2,-6.05814,-358.904,0.448024,0.48875
428000,2,-4.12777,-361.449,0.910889,0.459267
429000,3,-8.96247,-364.82,3.12467,0.452
430000,3,-9.0579,-364.003,1.54909,0.486
431000,2,-5.89122,-356.639,2.2759,0.447571
432000,2,-9.89496,-359.424,1.99151,0.4805
433000,2,-5.02362,-358.784,0.548641,0.467
434000,3,-8.5662,-359.914,2.74387,0.459
435000,2,-6.93607,-359.361,1.9854,0.473
436000,2,-11.0773,-357.264,3.95628,0.4496
437000,2,-6.58469,-360.905,0.508641,0.42
438000,2,-5.24548,-363.953,0.664262,0.435
439000,2,-4.39205,-362.568,0.325948,0.455909
440000,3,-9.72994,-360.705,1.85708,0.483
441000,3,-8.84643,-363.619,3.42099,0.455929
442000,3,-9.11871,-357.417,0.80975,0.525
443000,2,-7.0441,-358.564,1.36457,0.4685
444000,3,-9.11148,-360.327,2.59636,0.431
445000,3,-9.56808,-357.563,3.07907,0.485
446000,2,-6.31526,-363.752,1.30255,0.492375
447000,2,-5.50362,-366.957,1.20094,0.452
448000,2,-6.36015,-363.178,0.555318,0.489167
449000,2,-8.3224,-362.051,1.07993,0.429
450000,2,-5.01098,-356.173,1.43698,0.48
451000,3,-8.50222,-360.873,2.23739,0.486
452000,2,-5.31243,-358.773,0.803767,0.443
453000,2,-7.45538,-360.254,2.14697,0.438
454000,2,-5.84751,-363.427,0.886875,0.438
455000,2,-5.96157,-360.605,2.70992,0.48
456000,3,-10.7098,-356.335,1.5963,0.479
457000,2,-5.53712,-357.143,1.89017,0.496
458000,2,-3.66187,-362.998,0.317524,0.465444
459000,2,-7.35294,-364.919,1.50547,0.475
460000,2,-8.98338,-363.326,1.64885,0.428
461000,2,-9.24819,-356.971,0.355608,0.435
462000,2,-10.2935,-355.089,3.80882,0.44
463000,3,-8.8004,-355.896,1.56143,0.492111
464000,2,-5.07251,-356.105,1.28318,0.444
465000,2,-5.88996,-355.907,1.77428,0.46668
466000,2,-4.4304,-358.573,0.633371,0.477
467000,3,-10.2307,-358.047,3.04175,0.481
468000,3,-7.99388,-358.195,1.57971,0.47825
469000,2,-5.61361,-362.369,1.33993,0.463
470000,4,-9.89227,-362.844,3.02102,0.502
471000,2,-6.30784,-357.976,1.47426,0.478231
472000,3,-8.67429,-357.602,1.41528,0.501
473000,2,-5.83959,-358.299,0.469977,0.461
474000,2,-6.45916,-362.416,1.6599,0.46725
475000,3,-9.51038,-361.663,2.17653,0.458
476000,2,-4.29844,-364.384,0.691582,0.493
477000,2,-4.38264,-359.313,0.672078,0.474286
478000,2,-6.71223,-359.079,2.00935,0.477
479000,2,-5.54507,-363.207,0.982003,0.4682
480000,2,-6.18576,-364.61,0.678692,0.484818
481000,2,-5.08851,-362.805,0.937365,0.4744
482000,3,-8.98232,-357.728,2.644,0.466
483000,2,-7.38819,-362.276,1.19627,0.4495
484000,3,-9.69973,-356.438,2.23321,0.464
485000,2,-5.40764,-356.154,1.33513,0.479
486000,2,-6.56123,-357.282,0.783039,0.48575
487000,2,-7.533,-359.859,3.34096,0.446333
488000,2,-7.92248,-361.68,3.12727,0.431
489000,2,-6.04163,-361.124,1.50051,0.468
490000,4,-9.89448,-361.175,2.55705,0.46325
491000,3,-8.23916,-360.14,1.33765,0.49
492000,2,-11.072,-363.605,3.26445,0.473
493000,4,-13.8025,-360.551,2.29192,0.454077
494000,2,-7.67108,-354.961,1.1477,0.492
495000,2,-5.95635,-356.378,1.61663,0.465
496000,2,-6.43077,-356.794,2.95294,0.462
497000,2,-7.34511,-358.007,1.05367,0.4676
498000,2,-7.64142,-358.306,1.38523,0.49
499000,2,-8.4655,-357.148,2.19989,0.481
500000,3,-8.00883,-355.676,2.00693,0.472182
501000,2,-5.88444,-356.186,1.43774,0.483385
502000,2,-5.77608,-356.51,0.854332,0.4852
503000,3,-6.4149,-359.066,0.647441,0.46475
504000,2,-6.67123,-358.06,2.11538,0.45
505000,2,-7.04427,-358.989,1.91996,0.433
506000,2,-6.84903,-359.512,2.34364,0.49
507000,3,-12.0102,-361.864,4.66826,0.492
508000,3,-8.23746,-355.221,1.55571,0.476571
509000,5,-22.0181,-362.823,3.68047,0.470333
510000,3,-7.32586,-359.732,0.866528,0.512
511000,2,-9.5958,-353.978,0.291138,0.493667
512000,2,-6.86586,-357.674,2.61472,0.46
513000,3,-10.6755,-357.874,1.67076,0.474333
514000,2,-7.0339,-357.352,0.637607,0.450333
515000,2,-10.8036,-365.027,3.49276,0.4702
516000,3,-9.42183,-361.195,0.946647,0.4535
517000,2,-6.97085,-359.358,0.852332,0.425
518000,2,-5.68159,-354.029,1.43939,0.436
519000,3,-7.94002,-361.941,1.39056,0.481
520000,2,-7.21549,-357.474,3.6052,0.4522
521000,2,-7.01602,-359.926,0.690664,0.49075
522000,2,-11.2882,-355.006,3.33005,0.546
523000,2,-9.24418,-358.903,4.55282,0.494
524000,2,-7.34043,-360.494,0.905746,0.414
525000,2,-7.27473,-359.324,1.51669,0.433
526000,2,-6.0059,-357.61,1.09168,0.4794
527000,2,-5.80084,-361.477,1.45137,0.485
528000,2,-8.68,-356.412,1.63059,0.455
529000,3,-7.86457,-358.676,2.85618,0.474
530000,2,-5.54476,-357.772,0.280867,0.464
531000,2,-4.3859,-360.615,0.973402,0.469333
532000,2,-6.34221,-356.025,1.64005,0.456
533000,2,-7.02098,-358.953,0.621071,0.463333
534000,2,-4.46165,-358.702,0.595112,0.417
535000,2,-5.85415,-357.943,2.24384,0.4739
536000,2,-8.13192,-355.73,3.22313,0.467
537000,2,-6.16325,-359.704,3.02476,0.478
538000,2,-5.92328,-359.589,2.13216,0.501
539000,2,-5.17445,-361.723,1.71103,0.482333
540000,2,-4.75902,-360.348,1.02391,0.449
541000,2,-6.37569,-357.746,1.77884,0.464444
542000,2,-5.80256,-365.079,0.951158,0.4455
543000,5,-13.9282,-365.635,1.07146,0.473
544000,3,-12.1708,-357.664,1.33171,0.473333
545000,4,-10.6762,-364.433,2.14236,0.466
546000,2,-4.51601,-356.713,1.29124,0.522
547000,2,-6.34119,-359.537,1.7736,0.489
548000,2,-8.90153,-361.029,2.68592,0.416
549000,2,-7.88998,-362.838,2.26951,0.460625
550000,2,-5.4357,-359.811,1.56073,0.4255
551000,3,-8.31896,-362.698,0.665552,0.458
552000,2,-6.09549,-363.675,0.521264,0.442
553000,2,-5.83777,-363.483,1.79963,0.44475
554000,3,-9.21062,-359.559,2.13196,0.456
555000,3,-8.84742,-356.754,2.09462,0.492667
556000,2,-5.7772,-359.115,1.18087,0.441
557000,2,-4.89914,-357.016,1.58212,0.46
558000,2,-5.13668,-359.246,1.39655,0.475
559000,2,-8.08454,-357.606,4.76714,0.46
560000,2,-5.01104,-356.716,0.686,0.456727
561000,2,-3.74331,-360.493,0.670274,0.4768
562000,2,-6.03011,-361.196,3.15682,0.46
563000,2,-4.73881,-365.789,0.883724,0.48
564000,2,-5.79493,-362.532,0.708267,0.4608
565000,4,-9.23526,-362.061,2.39895,0.454
566000,2,-6.50597,-365.667,3.05295,0.4595
567000,3,-8.8369,-366.297,0.754812,0.4728
568000,2,-7.99896,-359.298,1.95412,0.491
569000,2,-7.84755,-360.177,0.978964,0.45875
570000,2,-9.94623,-354.069,0.474797,0.459
571000,2,-6.60307,-361.002,1.96221,0.444333
572000,2,-5.75056,-360.768,1.01839,0.413
573000,2,-7.68056,-363.389,1.40319,0.457714
574000,2,-7.64105,-356.636,2.3513,0.431
575000,2,-5.87361,-356.232,1.17528,0.488
576000,2,-8.42629,-360.119,2.04135,0.462
577000,2,-5.05909,-361.462,0.388398,0.466429
578000,3,-6.70101,-360.464,0.933693,0.472
579000,3,-7.39397,-363.268,1.87181,0.48
580000,2,-5.89611,-360.625,2.48282,0.503
581000,2,-6.14525,-362.854,2.26925,0.485
582000,2,-4.35731,-362.78,0.784078,0.423
583000,2,-6.77568,-367.225,2.02901,0.478571
584000,2,-7.8914,-360.367,1.83571,0.472048
585000,2,-5.55519,-361.237,1.04703,0.471
586000,2,-4.53368,-358.842,0.968411,0.483
587000,2,-6.98416,-357.721,1.14518,0.488
588000,2,-8.11774,-360.388,2.54989,0.477
589000,2,-6.82494,-356.743,2.01722,0.46
590000,3,-9.97059,-363.397,2.09318,0.455
591000,2,-7.43715,-358.554,1.39837,0.456333
592000,3,-7.77137,-361.068,0.477585,0.4668
593000,2,-4.46897,-361.332,0.907774,0.443
594000,2,-5.04228,-359.11,1.0843,0.473
595000,2,-5.56163,-361.171,0.655959,0.4368
596000,2,-7.52784,-362.491,2.19485,0.466
597000,2,-9.4235,-370.417,1.3063,0.442667
598000,3,-8.84994,-358.742,1.50354,0.4715
599000,3,-8.62199,-359.347,2.45764,0.46
600000,2,-6.68378,-359.808,0.478935,0.466
601000,2,-5.88648,-360.635,0.186327,0.486
602000,2,-6.44978,-355.838,0.450873,0.467
603000,3,-10.9971,-353.389,1.22552,0.531
604000,2,-6.93703,-358.439,1.96016,0.46275
605000,2,-6.32375,-355.754,1.37612,0.536
606000,3,-9.63898,-362.024,2.00467,0.461333
607000,2,-7.56374,-360.581,3.95854,0.479
608000,2,-6.48719,-360.473,0.245932,0.466333
609000,2,-4.84282,-358.493,1.15133,0.432
610000,2,-9.57247,-359.728,3.12786,0.483
611000,3,-8.71037,-357.094,2.12701,0.476353
612000,3,-10.7779,-361.673,2.05825,0.479733
613000,3,-6.76057,-358.344,1.50471,0.512
614000,2,-8.41093,-362.121,2.51636,0.451143
615000,2,-7.29615,-363.13,0.692037,0.422
616000,2,-4.19491,-360.525,0.377009,0.423
617000,2,-4.41258,-370.934,0.472448,0.451
618000,3,-11.4402,-360.384,2.92044,0.444
619000,2,-8.02484,-357.471,0.983188,0.471444
620000,2,-7.18661,-362.372,1.05037,0.5085
621000,2,-6.80047,-361.061,1.1308,0.463
622000,2,-5.84563,-362.811,0.889182,0.479
623000,2,-6.88125,-357.168,0.863368,0.4738
624000,2,-5.86373,-356.882,0.618153,0.462
625000,3,-12.7148,-355.348,2.67636,0.471571
626000,2,-5.89079,-359.955,1.89525,0.470714
627000,2,-11.8156,-357.91,2.5009,0.459333
628000,2,-7.03511,-358.796,0.680271,0.469167
629000,2,-6.17637,-357.183,0.73476,0.447
630000,2,-9.09073,-354.471,2.24613,0.46
631000,2,-8.32483,-357.953,1.93687,0.4826
632000,2,-5.32698,-359.745,1.40184,0.465
633000,2,-5.0775,-356.394,1.27408,0.451333
634000,2,-7.24403,-358.305,2.86841,0.46225
635000,2,-6.96842,-357.365,1.25608,0.478
636000,3,-12.8683,-363.217,1.82063,0.480909
637000,2,-6.19755,-360.441,1.88528,0.488
638000,2,-5.65426,-358.26,0.486625,0.4925
639000,2,-7.90769,-360.663,1.87324,0.434
640000,3,-9.07211,-361.184,1.94717,0.479286
641000,2,-5.88152,-364.933,1.00304,0.44
642000,4,-10.0809,-368.097,2.29812,0.454
643000,3,-6.30372,-359.858,0.754819,0.484
644000,2,-6.43665,-362.469,2.34578,0.442
645000,2,-4.91664,-368.375,0.953373,0.440714
646000,2,-6.73724,-354.763,1.32267,0.440286
647000,2,-4.87371,-358.601,0.763719,0.468
648000,4,-11.9487,-357.461,2.6016,0.45
649000,2,-4.73056,-361.456,0.684065,0.43025
650000,2,-6.8872,-360.966,2.97774,0.454833
651000,2,-11.6195,-362.03,1.95698,0.458
652000,3,-8.97037,-361.28,2.28756,0.428
653000,4,-7.78648,-356.882,2.00048,0.4735
654000,2,-5.8557,-359.293,1.90915,0.462
655000,2,-4.14349,-359.12,0.371225,0.438
656000,2,-11.7825,-363.218,3.04914,0.436
657000,2,-7.59501,-370.034,1.57802,0.45
658000,2,-6.51108,-359.993,1.43458,0.44
659000,2,-6.60848,-360.478,1.17271,0.474
660000,2,-7.14494,-356.842,2.30372,0.44
661000,2,-8.57091,-357.502,1.62402,0.4704
662000,2,-5.81564,-363.713,1.91006,0.45
663000,3,-12.3873,-358.158,2.34292,0.453
664000,2,-6.32857,-357.638,1.79066,0.441667
665000,2,-6.97149,-357.746,2.74657,0.468
666000,2,-8.60443,-358.057,1.00969,0.462
667000,2,-12.8725,-358.596,1.3092,0.458
668000,2,-7.56212,-358.798,1.86377,0.432
669000,2,-5.52077,-357.47,0.62241,0.471
670000,5,-13.3878,-356.049,2.60738,0.481333
671000,2,-8.21367,-356.724,1.26141,0.475
672000,2,-8.8891,-360.879,0.425843,0.463667
673000,2,-8.7985,-355.752,1.48476,0.457
674000,2,-9.61299,-359.584,4.56204,0.461
675000,2,-6.85123,-357.828,2.02971,0.485
676000,2,-7.62904,-355.801,3.38485,0.457
677000,2,-5.36476,-355.744,1.52679,0.456583
678000,4,-12.613,-361.889,3.15169,0.455
679000,4,-10.7587,-362.367,1.45876,0.489
680000,2,-7.52172,-361.579,2.48968,0.463
681000,2,-5.78538,-362.594,1.16017,0.4865
682000,2,-5.33219,-360.801,1.85618,0.4455
683000,3,-6.52365,-358.443,1.64956,0.532
684000,4,-13.341,-365.244,2.71067,0.434667
685000,2,-7.74628,-357.184,3.01392,0.4565
686000,2,-5.32304,-363.192,0.855374,0.4725
687000,2,-8.82556,-361.399,3.82182,0.4525
688000,2,-8.64093,-355.712,1.69244,0.458957
689000,4,-8.69761,-355.599,0.899957,0.5125
690000,2,-5.05981,-366.487,1.1653,0.456
691000,2,-7.40113,-358.673,1.61524,0.493
692000,2,-5.42265,-365.431,0.936176,0.452
693000,3,-10.2367,-360.022,2.26274,0.4868
694000,3,-11.6584,-360.049,2.70899,0.522
695000,3,-5.50243,-356.948,0.891112,0.552
696000,2,-5.74695,-360.148,2.56326,0.47
697000,3,-9.41974,-363.424,3.73685,0.506
698000,2,-8.24565,-358.394,1.49015,0.481857
699000,2,-9.9382,-358.966,1.57169,0.425
700000,2,-8.28751,-368.647,1.39972,0.467588
701000,2,-10.1623,-361.108,3.0354,0.446
702000,2,-10.9309,-367.113,0.759831,0.4358
703000,2,-8.69682,-360.924,1.67408,0.403
704000,4,-11.9822,-356.832,2.64248,0.4254
705000,2,-6.9616,-360.318,1.27108,0.483
706000,2,-5.63325,-356.628,1.30498,0.473
707000,3,-7.17499,-358.665,1.6503,0.538
708000,2,-5.91009,-357.297,2.19029,0.47025
709000,2,-5.20176,-360.209,1.38676,0.474
710000,2,-5.07353,-356.073,1.47797,0.531
711000,4,-11.1334,-358.043,2.82197,0.486
712000,2,-10.2273,-357.96,3.88973,0.532
713000,2,-7.53256,-363.501,0.666547,0.454
714000,2,-5.24582,-361.785,0.324103,0.473714
715000,3,-9.34377,-365.382,0.847679,0.406
716000,3,-8.57696,-359.127,0.817818,0.467
717000,3,-7.82688,-358.399,1.24005,0.487
718000,2,-9.11566,-359.626,2.4014,0.453333
719000,2,-5.47859,-361.995,1.61916,0.4565
720000,2,-6.62558,-362.562,1.73074,0.445
721000,2,-4.90922,-362.407,0.822687,0.432
722000,2,-4.48601,-361.261,1.16064,0.459
723000,2,-3.988,-360.939,1.06727,0.478
724000,2,-4.23164,-361.127,0.364372,0.462
725000,4,-12.146,-362.216,3.56311,0.4607
726000,4,-15.8425,-358.263,4.20303,0.48
727000,2,-8.96913,-360.323,2.51078,0.455
728000,3,-9.02895,-360.396,0.763209,0.472667
729000,2,-5.24969,-359.655,1.25266,0.458
730000,4,-12.242,-362.189,1.37716,0.492
731000,3,-8.33887,-362.539,2.52097,0.474
732000,3,-7.14273,-364.342,1.26498,0.470286
733000,2,-8.40563,-363.802,1.86956,0.456
734000,2,-8.3357,-366.393,0.667359,0.426
735000,2,-4.40735,-361.358,0.244963,0.4405
736000,2,-7.22888,-368.723,2.21371,0.4515
737000,3,-9.7131,-360.843,1.28231,0.4765
738000,2,-5.26336,-356.467,0.111049,0.517
739000,3,-7.74147,-363.092,2.09254,0.468923
740000,2,-9.53595,-356.24,3.83851,0.472
741000,2,-9.49247,-355.052,2.44494,0.444
742000,3,-7.196,-362.766,1.28825,0.489
743000,2,-7.80773,-359.12,1.71336,0.476
744000,3,-8.05787,-361.862,1.77659,0.468
745000,2,-5.91792,-359.33,0.973983,0.477
746000,2,-6.19909,-360.034,1.11859,0.455143
747000,2,-5.16063,-358.07,0.928788,0.487
748000,2,-5.05383,-358.263,0.518407,0.462333
749000,3,-4.66128,-364.315,0.594472,0.48
750000,2,-12.286,-355.661,0.986693,0.479091
751000,2,-5.89768,-362.271,1.21469,0.465
752000,2,-5.7111,-359.555,0.986873,0.434
753000,4,-18.121,-362.608,4.74014,0.498
754000,4,-11.5451,-360.975,1.70105,0.465714
755000,3,-18.7247,-363.305,7.18516,0.501667
756000,2,-4.55591,-361.415,0.523229,0.4628
757000,2,-4.81997,-358.048,0.689607,0.465
758000,3,-12.6242,-364.076,1.7584,0.49
759000,2,-6.94987,-367.667,1.84901,0.4582
760000,2,-5.634,-359.013,2.0865,0.44675
761000,2,-7.3576,-360.904,1.83243,0.447333
762000,2,-4.56231,-359.702,1.00121,0.441
763000,2,-4.3258,-361.036,0.725379,0.441
764000,2,-4.83693,-360.605,1.01808,0.45075
765000,2,-5.29818,-361.205,1.28309,0.457
766000,3,-14.0505,-361.101,3.83413,0.464
767000,2,-5.85573,-356.376,1.09418,0.467
768000,3,-10.4069,-357.25,3.26523,0.469
769000,2,-6.11134,-358.646,2.18151,0.474438
770000,3,-7.70385,-359.388,1.239,0.457143
771000,2,-6.00757,-364.802,0.997406,0.453
772000,2,-6.53309,-358.708,1.64627,0.488
773000,2,-6.14045,-361.03,0.937127,0.449929
774000,2,-4.81765,-359.377,1.07692,0.473167
775000,2,-4.47664,-355.904,1.11535,0.477
776000,3,-9.27306,-361.027,1.52408,0.529
777000,2,-6.21972,-355.967,0.859648,0.542
778000,3,-7.81726,-361.103,2.39328,0.465
779000,2,-5.41746,-359.952,0.649669,0.47
780000,2,-4.37634,-359.908,0.615968,0.487375
781000,2,-6.94147,-359.659,2.27262,0.497875
782000,3,-7.11438,-362.89,1.10618,0.473
783000,2,-6.08926,-364.256,1.04294,0.449
784000,3,-8.51898,-362.39,1.36048,0.452
785000,2,-6.57214,-364.058,2.05579,0.483
786000,2,-7.10613,-362.706,0.186808,0.444167
787000,3,-9.98225,-360.306,3.19583,0.439
788000,2,-9.05345,-357.76,2.91468,0.458333
789000,2,-6.02819,-358.06,0.819883,0.437
790000,2,-8.38336,-361.673,1.3687,0.458
791000,2,-7.82307,-358.503,3.69788,0.456583
792000,3,-10.7959,-357.581,1.73191,0.498
793000,4,-11.7436,-360.686,2.46734,0.44
794000,3,-10.6155,-360.602,3.20149,0.487
795000,2,-4.84993,-357.977,1.09078,0.49
796000,2,-5.13221,-360.315,1.48915,0.46796
797000,2,-8.23795,-359.643,1.43428,0.46
798000,3,-14.0183,-360.623,2.17686,0.467
799000,2,-10.4906,-357.617,2.79666,0.467
800000,2,-8.00463,-364.378,1.26676,0.4612
801000,3,-8.85499,-360.81,0.649757,0.469
802000,2,-8.84343,-359.001,1.03562,0.459
803000,2,-9.72054,-355.925,1.83023,0.485
804000,2,-9.44039,-364.153,1.1231,0.434
805000,2,-5.91549,-358.699,0.347797,0.477
806000,3,-10.6662,-359.07,4.14235,0.4605
807000,2,-5.6614,-355.779,1.7373,0.462
808000,2,-7.24697,-361.097,1.74288,0.458
809000,2,-3.95799,-366.516,0.299077,0.508
810000,2,-4.3609,-359.18,0.650915,0.452
811000,2,-5.57886,-357.792,1.1525,0.46125
812000,2,-6.77396,-357.184,2.49808,0.448
813000,2,-5.23335,-360.06,0.541757,0.468333
814000,3,-11.23,-362.83,1.8192,0.467
815000,2,-6.72201,-357.162,0.651769,0.448667
816000,2,-7.75871,-361.237,2.26504,0.44
817000,2,-7.07684,-360.811,2.18415,0.441
818000,2,-5.75126,-358.647,1.02265,0.464065
819000,2,-4.22729,-358.67,0.783169,0.467357
820000,2,-4.60517,-360.011,0.237875,0.448
821000,2,-6.20959,-360.645,0.955476,0.498
822000,2,-3.89944,-360.491,0.549424,0.4715
823000,2,-7.34041,-357.517,2.48867,0.455444
824000,2,-8.82516,-355.177,3.69805,0.484
825000,2,-10.6196,-355.346,3.23793,0.515
826000,2,-8.0555,-356.805,1.42584,0.481889
827000,2,-8.246,-355.867,3.28972,0.4738
828000,4,-14.1524,-359.179,5.27909,0.513333
829000,2,-5.78075,-357.87,1.49833,0.542
830000,2,-4.9376,-360.828,1.26458,0.48625
831000,2,-6.48615,-362.536,0.839062,0.5012
832000,3,-8.49545,-357.551,0.971788,0.482333
833000,3,-6.75744,-358.609,0.899296,0.467833
834000,2,-5.92205,-354.953,1.81606,0.456
835000,2,-6.58935,-360.267,0.482037,0.465
836000,2,-6.80952,-360.533,1.97085,0.488
837000,2,-6.44717,-361.071,0.977308,0.47
838000,2,-5.72491,-359.41,0.620132,0.43
839000,2,-12.9611,-359.687,1.16168,0.476
840000,4,-10.8176,-365.17,1.72184,0.44025
841000,2,-9.79508,-358.662,2.55858,0.4615
842000,2,-7.68315,-357.21,0.51125,0.454857
843000,3,-11.0279,-361.338,2.60696,0.45975
844000,2,-8.26327,-360.806,0.760257,0.459
845000,2,-8.60215,-361.765,1.67328,0.448
846000,2,-7.17951,-358.04,2.23304,0.462
847000,2,-5.63691,-356.498,1.02505,0.481
848000,2,-8.41029,-356.478,0.211662,0.469167
849000,3,-12.2846,-361.887,1.12265,0.466125
850000,3,-12.381,-356.832,1.91288,0.469
851000,2,-7.36437,-357.188,2.20449,0.46
852000,2,-6.53006,-360.536,1.54005,0.489
853000,2,-11.1209,-359.184,3.90908,0.4625
854000,2,-6.99827,-361.145,1.60229,0.456
855000,2,-6.276,-358.616,1.40438,0.4695
856000,2,-5.42429,-358.526,0.227348,0.46925
857000,2,-4.80949,-360.846,0.995388,0.4774
858000,2,-6.45182,-359.066,1.80426,0.464
859000,2,-5.74985,-356.326,1.3783,0.507
860000,2,-6.35799,-357.387,1.21873,0.47
861000,3,-9.76719,-361.221,2.40366,0.465429
862000,2,-6.24533,-357.854,1.91408,0.477
863000,5,-11.1948,-360.282,1.84244,0.497
864000,2,-5.63526,-362.367,1.02086,0.4605
865000,2,-6.89238,-357.528,1.53772,0.423
866000,2,-6.82784,-367.159,1.84838,0.469333
867000,3,-10.5691,-360.775,1.65331,0.439
868000,2,-6.87773,-362.047,0.892082,0.471571
869000,2,-6.37735,-358.721,3.09075,0.4415
870000,2,-7.42417,-359.905,0.688653,0.461
871000,2,-9.06375,-365.872,2.52017,0.429
872000,3,-8.74286,-366.16,1.96801,0.449167
873000,2,-6.3879,-360.153,0.606631,0.482
874000,2,-10.2792,-358.097,3.0095,0.4725
875000,2,-7.90566,-357.705,1.94455,0.487
876000,2,-9.47381,-356.497,2.37328,0.443667
877000,2,-7.22227,-363.488,1.927,0.435
878000,2,-7.7736,-357.669,3.32193,0.467
879000,2,-6.24544,-360.331,1.79646,0.4585
880000,2,-7.44566,-362.358,3.32875,0.485
881000,2,-4.39317,-361.186,0.483418,0.441
882000,4,-11.3176,-358.973,2.87261,0.514
883000,3,-12.4894,-361.449,3.31153,0.468333
884000,3,-11.2649,-358.285,2.13117,0.5255
885000,3,-6.02722,-356.753,0.293249,0.517
886000,2,-4.85843,-360.724,0.859825,0.464
887000,2,-8.09189,-356.059,2.43491,0.438
888000,2,-6.89137,-358.72,0.258793,0.476333
889000,2,-10.3953,-361.124,2.53316,0.418
890000,2,-10.4056,-358.116,3.26297,0.483
891000,3,-13.0784,-357.525,3.04419,0.48
892000,2,-11.0461,-360.98,4.62865,0.439
893000,2,-6.52513,-361.043,1.5619,0.459667
894000,3,-8.25202,-358.438,1.00671,0.482
895000,2,-8.14822,-361.632,1.29512,0.476235
896000,3,-9.93762,-359.532,2.75246,0.498
897000,3,-7.49201,-360.839,1.45036,0.4834
898000,2,-4.83272,-359.59,1.09967,0.479538
899000,2,-6.77901,-358.595,0.859843,0.485333
900000,3,-9.90977,-361.019,2.20108,0.472
901000,2,-7.28935,-358.236,1.73115,0.455
902000,2,-8.35193,-361.172,2.23711,0.466
903000,3,-7.93985,-360.627,1.93982,0.4905
904000,2,-6.27366,-361.877,2.77024,0.445
905000,2,-5.00589,-360.941,1.55111,0.425
906000,2,-7.99549,-359.218,4.00217,0.413
907000,4,-9.7413,-360.095,0.981494,0.4904
908000,2,-4.54632,-362.582,1.21805,0.482357
909000,4,-15.0709,-361.626,3.25454,0.438455
910000,3,-10.7649,-366.625,1.7835,0.434
911000,2,-9.44123,-362.229,0.163081,0.413
912000,2,-6.5551,-354.853,1.67862,0.467
913000,2,-4.88645,-357.79,1.03722,0.432
914000,2,-6.05008,-360.755,0.726828,0.458
915000,2,-6.25926,-359.192,2.38845,0.422
916000,2,-7.85267,-360.57,4.40597,0.444
917000,3,-9.34656,-359.274,2.64289,0.467273
918000,2,-6.17202,-359.135,1.8198,0.475545
919000,3,-10.4458,-363.495,1.47108,0.455364
920000,2,-6.08053,-360.02,1.72321,0.475
921000,4,-8.22111,-364.436,0.932938,0.505333
922000,2,-5.11507,-361.522,1.48693,0.482
923000,2,-5.74247,-361.921,0.667008,0.487
924000,2,-9.69886,-361.303,2.20192,0.42
925000,2,-4.14156,-364.79,0.592926,0.462889
926000,4,-13.8181,-368.137,4.08864,0.514
927000,2,-8.0646,-363.532,0.790716,0.528
928000,2,-6.79067,-360.678,1.81207,0.45
929000,2,-8.93396,-358.99,2.12675,0.5
930000,3,-8.16661,-357.951,0.914372,0.473
931000,2,-7.29129,-355.398,0.566519,0.468
932000,2,-9.31696,-359.209,1.2847,0.488
933000,3,-10.5631,-354.872,3.47155,0.442
934000,2,-7.2767,-356.239,2.51449,0.485917
935000,3,-13.1001,-358.762,3.52905,0.473
936000,2,-5.26452,-360.098,1.11983,0.467
937000,2,-6.37496,-359.774,2.09828,0.487308
938000,2,-5.01779,-356.463,1.65152,0.461
939000,2,-3.97814,-358.441,0.459518,0.491333
940000,2,-6.06643,-358.556,1.77672,0.46
941000,2,-7.16864,-356.228,2.31791,0.476
942000,2,-4.42282,-359.083,1.02957,0.43
943000,2,-7.26499,-357.221,0.444772,0.4532
944000,2,-8.65789,-356.561,0.895877,0.44
945000,2,-12.2813,-357.352,1.80717,0.426
946000,2,-10.9681,-359.65,1.51723,0.467
947000,2,-6.4813,-363.285,1.54995,0.418
948000,2,-6.79741,-356.156,1.88919,0.465167
949000,2,-7.61234,-357.944,1.28646,0.454
950000,2,-6.849,-360.442,1.21201,0.489
951000,2,-5.61745,-358.2,1.84009,0.471613
952000,3,-9.1992,-357.235,0.93838,0.491
953000,2,-7.01904,-359.214,0.503651,0.462
954000,2,-7.76091,-359.894,1.25058,0.489
955000,2,-7.50841,-354.729,0.698107,0.49
956000,3,-8.11929,-359.475,2.06864,0.47075
957000,3,-7.29857,-357.973,0.714365,0.48
958000,2,-13.2887,-356.292,2.54258,0.478333
959000,2,-6.30497,-358.484,1.12432,0.477
960000,2,-11.4959,-357.038,0.989924,0.489
961000,2,-9.31452,-361.297,4.97555,0.47025
962000,2,-4.92172,-358.263,1.28956,0.472083
963000,2,-6.54701,-360.787,2.134,0.449937
964000,2,-5.60601,-363.528,1.07087,0.481
965000,3,-6.88007,-360.997,1.82011,0.47525
966000,2,-4.11555,-357.455,0.956579,0.506
967000,3,-6.48586,-357.818,0.728499,0.446667
968000,2,-7.46427,-358.545,1.94028,0.480875
969000,2,-5.98513,-358.89,0.973016,0.478
970000,3,-12.3467,-360.038,2.00657,0.461
971000,2,-6.57122,-355.451,1.06969,0.453
972000,2,-7.74212,-356.856,0.956467,0.455
973000,2,-7.78196,-358.815,0.557873,0.458833
974000,2,-6.87068,-355.891,0.866214,0.48
975000,2,-6.9605,-357.872,1.9675,0.442
976000,3,-8.97625,-356.494,0.675875,0.489
977000,2,-8.30782,-358.308,1.51631,0.4614
978000,5,-15.1176,-359.379,3.16634,0.491
979000,3,-10.6543,-360.537,1.08971,0.503
980000,3,-5.97639,-363.469,1.53212,0.481818
981000,2,-5.31898,-363.228,1.44295,0.463
982000,3,-6.83263,-359.204,0.57487,0.46995
983000,2,-5.91244,-356.728,2.05877,0.503
984000,2,-4.89943,-355.622,1.36236,0.469
985000,2,-7.74587,-362.134,1.93212,0.475444
986000,2,-4.52844,-368.961,1.46286,0.5
987000,2,-7.32371,-364.517,1.00466,0.474
988000,2,-4.96439,-360.345,1.54237,0.457
989000,2,-5.16026,-362.869,1.51327,0.485
990000,3,-7.47927,-365.799,2.15172,0.464
991000,3,-7.85675,-358.215,2.68837,0.4945
992000,3,-10.5218,-366.082,1.66853,0.461091
993000,3,-8.19582,-364.431,1.70875,0.466
994000,2,-5.45472,-360.415,1.66209,0.475
995000,2,-6.72828,-361.397,1.67262,0.455
996000,2,-7.41597,-356.828,2.31376,0.46
997000,2,-5.68282,-360.991,1.30905,0.451538
998000,3,-8.91968,-362.111,1.56308,0.4482
999000,4,-14.3311,-355.025,2.58631,0.50825
