Model Choice  3 
Selected Model Output for  2  components
lnL:	 16677.75 
mixing proportions:	 0.00360824 0.9963918 
parameter estimates
 1 0.0001450646 -6.796191 0.85035 
Matrix of posterior probabilities
8.664837e-08	0.9999999
0.04090488	0.9590951
0.0784378	0.9215622
0.0008695388	0.9991305
1.609417e-05	0.9999839
2.606601e-05	0.9999739
1.206343e-06	0.9999988
1.32898e-06	0.9999987
6.992906e-08	0.9999999
3.452246e-11	1
2.741718e-08	1
0.0006433187	0.9993567
0.005113761	0.9948862
2.982091e-28	1
1.188282e-06	0.9999988
2.512638e-13	1
0.01517721	0.9848228
0.001275814	0.9987242
2.350274e-05	0.9999765
5.443674e-05	0.9999456
1.859297e-05	0.9999814
0.004670442	0.9953296
3.942627e-06	0.9999961
2.121277e-12	1
1.284232e-05	0.9999872
0.0005190898	0.9994809
3.922031e-05	0.9999608
1.120925e-10	1
5.079748e-07	0.9999995
0.00126177	0.9987382
6.410194e-06	0.9999936
0.0003069282	0.9996931
2.593318e-11	1
0.002928271	0.9970717
2.27028e-13	1
0.001916621	0.9980834
0.001774362	0.9982256
4.368343e-06	0.9999956
3.011672e-07	0.9999997
4.683884e-06	0.9999953
0.0007019081	0.9992981
1.042451e-07	0.9999999
7.083267e-05	0.9999292
3.156665e-09	1
0.0008727908	0.9991272
0.003357663	0.9966423
7.118161e-05	0.9999288
0.0002036919	0.9997963
0.0002872133	0.9997128
1.748897e-26	1
5.624836e-07	0.9999994
0.0002908411	0.9997092
0.0002233913	0.9997766
2.922613e-10	1
0.001020297	0.9989797
0.0002275963	0.9997724
8.811107e-05	0.9999119
0.0004152077	0.9995848
4.765523e-06	0.9999952
1.39843e-07	0.9999999
2.327672e-10	1
4.649518e-05	0.9999535
0.004055075	0.9959449
2.998832e-05	0.99997
1.021728e-07	0.9999999
0.00233188	0.9976681
6.356822e-05	0.9999364
0.002858331	0.9971417
0.002252125	0.9977479
1.59383e-16	1
0.006496693	0.9935033
4.673368e-05	0.9999533
0.002080823	0.9979192
1.127518e-10	1
8.410547e-10	1
0.001548736	0.9984513
2.044262e-12	1
1.214997e-17	1
2.627281e-06	0.9999974
0.02171362	0.9782864
0.0001350273	0.999865
1.631933e-13	1
0.0002635695	0.9997364
0.0002709585	0.999729
0.0015447	0.9984553
0.003536797	0.9964632
0.0006942918	0.9993057
0.003078355	0.9969216
4.046616e-05	0.9999595
0.001031292	0.9989687
0.003026819	0.9969732
1.541576e-06	0.9999985
1.102408e-05	0.999989
2.831648e-07	0.9999997
3.964444e-11	1
4.44395e-07	0.9999996
1.809981e-19	1
0.0145771	0.9854229
0.001454056	0.9985459
2.059291e-07	0.9999998
8.923952e-06	0.9999911
7.816916e-11	1
1.036515e-05	0.9999896
3.175158e-06	0.9999968
0.0004349475	0.9995651
1.932661e-06	0.9999981
1.188335e-05	0.9999881
0.00486537	0.9951346
3.932511e-05	0.9999607
0.001720946	0.9982791
0.0003891816	0.9996108
3.512291e-14	1
0.0004687287	0.9995313
0.04029064	0.9597094
4.600793e-09	1
0.002307684	0.9976923
9.404113e-05	0.999906
0.0008145195	0.9991855
0.009266211	0.9907338
3.367758e-06	0.9999966
0.0001577705	0.9998422
0.002084292	0.9979157
5.688613e-15	1
6.869636e-06	0.9999931
1.168414e-29	1
0.0001821864	0.9998178
6.818023e-06	0.9999932
0.003531883	0.9964681
2.432437e-08	1
0.007711568	0.9922884
0.003650785	0.9963492
2.409324e-27	1
0.0127139	0.9872861
0.0001008475	0.9998992
1.610409e-08	1
1.107225e-07	0.9999999
0.00016405	0.9998359
9.985982e-11	1
5.866253e-05	0.9999413
6.091698e-08	0.9999999
1.676326e-14	1
6.336876e-07	0.9999994
0.0002984445	0.9997016
1.495061e-12	1
0.000475314	0.9995247
0.003674245	0.9963258
8.133778e-20	1
0.0001504915	0.9998495
3.335582e-06	0.9999967
2.232325e-05	0.9999777
0.000141879	0.9998581
2.126971e-16	1
0.003931789	0.9960682
5.397806e-06	0.9999946
7.754672e-05	0.9999225
0.0002181872	0.9997818
0.0008242172	0.9991758
0.0002579834	0.999742
0.0009519604	0.999048
0.001587809	0.9984122
6.331408e-08	0.9999999
0.001061042	0.998939
2.302689e-20	1
0.0001790797	0.9998209
0.0005793143	0.9994207
0.009473782	0.9905262
0.0001017491	0.9998983
4.082892e-05	0.9999592
1.418588e-05	0.9999858
1.414745e-15	1
0.001826218	0.9981738
0.0006892103	0.9993108
0.0004274219	0.9995726
0.00193426	0.9980657
3.793354e-05	0.9999621
0.003195322	0.9968047
0.0002391843	0.9997608
0.0006876637	0.9993123
2.181409e-09	1
1.387968e-10	1
5.652438e-05	0.9999435
1.304982e-07	0.9999999
6.0649e-08	0.9999999
0.001992356	0.9980076
3.236299e-06	0.9999968
9.81213e-12	1
0.0001607542	0.9998392
0.001699217	0.9983008
0.001099584	0.9989004
5.987979e-07	0.9999994
5.079748e-07	0.9999995
1.167586e-05	0.9999883
0.000675637	0.9993244
3.331493e-08	1
0.0001111552	0.9998888
7.884153e-05	0.9999212
0.0006861845	0.9993138
2.084812e-07	0.9999998
0.001021588	0.9989784
3.769486e-21	1
1.919939e-06	0.9999981
1.527596e-07	0.9999998
1.216052e-10	1
0.0002469624	0.999753
3.200439e-11	1
1.689115e-10	1
0.000324592	0.9996754
1.118306e-08	1
8.003916e-11	1
2.953243e-10	1
0.0003107699	0.9996892
2.61717e-09	1
0.01058631	0.9894137
2.881881e-09	1
0.004203588	0.9957964
3.088925e-05	0.9999691
2.928716e-10	1
0.01240398	0.987596
0.0162152	0.9837848
6.338076e-07	0.9999994
0.002519831	0.9974802
1.493943e-06	0.9999985
2.307551e-13	1
5.618677e-11	1
2.652792e-07	0.9999997
3.299833e-10	1
0.008508238	0.9914918
9.225204e-05	0.9999077
2.973341e-21	1
9.588143e-17	1
5.394612e-13	1
0.003942706	0.9960573
0.0005344379	0.9994656
0.02172811	0.9782719
3.284984e-09	1
0.003191954	0.996808
0.0008919521	0.999108
5.099801e-06	0.9999949
8.660546e-07	0.9999991
0.006148548	0.9938515
9.542638e-11	1
0.003476516	0.9965235
0.002545338	0.9974547
4.365405e-07	0.9999996
0.00159169	0.9984083
5.252057e-06	0.9999947
9.532505e-05	0.9999047
2.134222e-05	0.9999787
8.092756e-12	1
0.0001765272	0.9998235
0.001040528	0.9989595
0.0001870666	0.9998129
7.789309e-08	0.9999999
1.136496e-06	0.9999989
5.196852e-06	0.9999948
0.001240996	0.998759
1.247287e-05	0.9999875
0.0009561733	0.9990438
1.522636e-06	0.9999985
2.760271e-11	1
6.513651e-13	1
9.856737e-07	0.999999
0.0002702125	0.9997298
8.997498e-05	0.99991
5.061408e-11	1
1.641919e-05	0.9999836
4.48722e-05	0.9999551
3.992228e-06	0.999996
1.841124e-39	1
3.022829e-05	0.9999698
5.868988e-05	0.9999413
0.0001455863	0.9998544
0.0003966439	0.9996034
1.136496e-06	0.9999989
1.313638e-05	0.9999869
0.0004422585	0.9995577
3.564637e-05	0.9999644
0.0001843688	0.9998156
4.663949e-17	1
7.762105e-05	0.9999224
0.0003305211	0.9996695
0.0002390596	0.9997609
1.547109e-07	0.9999998
2.594816e-09	1
0.0004944804	0.9995055
0.0001482011	0.9998518
0.0001275966	0.9998724
2.261033e-06	0.9999977
0.0004430167	0.999557
2.730484e-05	0.9999727
0.01756862	0.9824314
0.00017769	0.9998223
0.000180123	0.9998199
1.337712e-11	1
4.574609e-05	0.9999543
4.863204e-06	0.9999951
3.516301e-08	1
1.348138e-15	1
7.918102e-05	0.9999208
0.02658574	0.9734143
0.005204178	0.9947958
8.998757e-05	0.99991
2.955491e-06	0.999997
5.577683e-12	1
7.14217e-10	1
0.002820717	0.9971793
2.592194e-06	0.9999974
0.001269332	0.9987307
0.002095139	0.9979049
2.988598e-10	1
1.348336e-05	0.9999865
0.0130425	0.9869575
4.281698e-11	1
7.475587e-10	1
0.0001522513	0.9998477
2.375767e-10	1
1.68718e-05	0.9999831
0.002709798	0.9972902
0.0002406105	0.9997594
5.471978e-05	0.9999453
5.91428e-10	1
0.0001002661	0.9998997
0.002129959	0.99787
7.139909e-07	0.9999993
6.779333e-07	0.9999993
1.619108e-08	1
6.091698e-08	0.9999999
4.917665e-08	1
0.0003852434	0.9996148
0.003375942	0.9966241
0.1131412	0.8868588
0.0003696602	0.9996303
3.043927e-05	0.9999696
3.544953e-06	0.9999965
4.093783e-06	0.9999959
0.0008234032	0.9991766
2.215264e-22	1
0.0007677472	0.9992323
0.05448692	0.9455131
8.023975e-06	0.999992
6.41896e-18	1
0.0006858275	0.9993142
3.144564e-07	0.9999997
0.0003249234	0.9996751
0.0001971273	0.9998029
0.000211032	0.999789
0.001571245	0.9984288
0.001282344	0.9987177
0.001553243	0.9984468
5.881814e-08	0.9999999
6.313149e-07	0.9999994
8.543297e-05	0.9999146
7.670254e-09	1
0.0001840834	0.9998159
1.089902e-09	1
0.0001613769	0.9998386
0.0006504756	0.9993495
0.006486164	0.9935138
0.02702798	0.972972
0.0001268059	0.9998732
3.965704e-07	0.9999996
0.0006656334	0.9993344
7.231401e-07	0.9999993
7.871634e-05	0.9999213
0.004920328	0.9950797
0.003567272	0.9964327
0.001871374	0.9981286
0.002535017	0.997465
9.358406e-09	1
6.310271e-05	0.9999369
1.044337e-23	1
0.003982021	0.996018
2.857476e-10	1
4.661904e-16	1
1.36504e-07	0.9999999
5.167088e-09	1
0.0004180492	0.999582
5.421009e-06	0.9999946
2.501161e-06	0.9999975
2.371911e-13	1
9.558029e-10	1
0.0004673995	0.9995326
6.067869e-10	1
0.006450122	0.9935499
4.230545e-10	1
4.662327e-06	0.9999953
8.715343e-05	0.9999128
4.822435e-09	1
0.005241171	0.9947588
0.0001760655	0.9998239
1.146381e-06	0.9999989
0.000845955	0.999154
0.02586278	0.9741372
1.089459e-10	1
0.0003737017	0.9996263
0.001743344	0.9982567
5.270268e-06	0.9999947
2.302689e-20	1
0.0004690836	0.9995309
1.786538e-21	1
0.001149275	0.9988507
0.006048294	0.9939517
9.175182e-09	1
2.350936e-09	1
1.808576e-06	0.9999982
3.526309e-05	0.9999647
6.792546e-06	0.9999932
9.243132e-16	1
0.0003082244	0.9996918
0.0002054336	0.9997946
1.051867e-05	0.9999895
0.001761421	0.9982386
0.002023915	0.9979761
0.01147357	0.9885264
2.939973e-07	0.9999997
0.000801949	0.9991981
5.836113e-08	0.9999999
3.417298e-15	1
0.0005664346	0.9994336
4.096988e-10	1
0.0026042	0.9973958
4.585284e-06	0.9999954
5.164031e-08	0.9999999
4.586673e-06	0.9999954
0.001000929	0.9989991
0.002250665	0.9977493
0.001340029	0.99866
0.0006595012	0.9993405
0.0002044519	0.9997955
0.000447779	0.9995522
9.477678e-05	0.9999052
8.322858e-06	0.9999917
0.0007982938	0.9992017
8.660546e-07	0.9999991
0.0005361479	0.9994639
2.761907e-06	0.9999972
8.182878e-19	1
6.393062e-06	0.9999936
0.0002272088	0.9997728
2.319963e-06	0.9999977
0.001672957	0.998327
1.577999e-05	0.9999842
0.05243233	0.9475677
3.240477e-06	0.9999968
0.0004816368	0.9995184
1.446756e-05	0.9999855
1.98516e-05	0.9999801
2.064448e-07	0.9999998
0.003962847	0.9960372
8.530292e-06	0.9999915
0.01368344	0.9863166
0.0003878772	0.9996121
9.212435e-07	0.9999991
0.004496982	0.995503
1.280142e-08	1
7.937568e-06	0.9999921
5.160126e-05	0.9999484
0.002484847	0.9975152
3.558766e-06	0.9999964
5.860075e-07	0.9999994
0.0004805223	0.9995195
8.964259e-05	0.9999104
0.008797974	0.991202
1.063485e-18	1
0.001872338	0.9981277
0.000303558	0.9996964
0.001156741	0.9988433
0.001076727	0.9989233
0.001303141	0.9986969
0.000935985	0.999064
2.9802e-05	0.9999702
3.152414e-05	0.9999685
1.622996e-05	0.9999838
0.002250505	0.9977495
0.0002572517	0.9997427
0.000118308	0.9998817
1.594782e-07	0.9999998
6.550135e-05	0.9999345
0.001285324	0.9987147
0.0213035	0.9786965
5.251084e-06	0.9999947
1.415416e-05	0.9999858
0.0005306384	0.9994694
0.0002370313	0.999763
4.684587e-05	0.9999532
0.0008150025	0.999185
6.701491e-07	0.9999993
0.01895205	0.9810479
1.214997e-17	1
0.0004706763	0.9995293
3.929255e-05	0.9999607
0.004374583	0.9956254
1.721026e-06	0.9999983
8.877997e-06	0.9999911
0.06169829	0.9383017
1.044337e-23	1
3.523355e-21	1
0.00153583	0.9984642
1.523525e-05	0.9999848
0.001237776	0.9987622
1.64719e-06	0.9999984
0.0002642593	0.9997357
0.00514934	0.9948507
3.560244e-06	0.9999964
9.856422e-10	1
0.0009454597	0.9990545
0.001003811	0.9989962
6.012575e-21	1
9.230522e-12	1
0.001707495	0.9982925
6.792772e-09	1
4.808057e-06	0.9999952
3.056554e-06	0.9999969
0.0003059885	0.999694
3.059198e-07	0.9999997
1.389257e-06	0.9999986
0.001132563	0.9988674
0.01048261	0.9895174
6.191229e-18	1
8.71765e-06	0.9999913
2.042682e-10	1
0.0005334124	0.9994666
0.0002404838	0.9997595
0.0002447147	0.9997553
1.013171e-07	0.9999999
0.001080662	0.9989193
0.004001988	0.995998
0.002448362	0.9975516
2.110668e-09	1
0.0006131278	0.9993869
8.762119e-06	0.9999912
0.001953679	0.9980463
1.292035e-05	0.9999871
4.997037e-10	1
0.0002714816	0.9997285
1.194892e-06	0.9999988
2.818224e-09	1
3.685811e-15	1
7.305679e-06	0.9999927
7.756763e-05	0.9999224
0.0006741273	0.9993259
0.003897896	0.9961021
8.357466e-14	1
2.297505e-08	1
3.23692e-14	1
4.700363e-11	1
1.786219e-09	1
0.00342513	0.9965749
3.331417e-05	0.9999667
0.0016594	0.9983406
2.552847e-05	0.9999745
7.543025e-17	1
0.0001436721	0.9998563
3.579968e-07	0.9999996
0.000376835	0.9996232
1.168062e-15	1
8.856372e-18	1
4.270382e-07	0.9999996
0.0009797165	0.9990203
2.683757e-21	1
0.00924796	0.990752
1.189874e-06	0.9999988
2.431097e-06	0.9999976
0.02707226	0.9729277
1.182948e-08	1
0.0003001402	0.9996999
0.000924576	0.9990754
0.001427778	0.9985722
0.0002758112	0.9997242
0.0001596836	0.9998403
0.002598938	0.9974011
0.0001662549	0.9998337
6.416e-06	0.9999936
3.03922e-05	0.9999696
4.497792e-09	1
0.0008588566	0.9991411
0.001686503	0.9983135
5.338905e-06	0.9999947
1.17237e-28	1
1.734294e-05	0.9999827
0.001182744	0.9988173
3.343692e-10	1
5.880151e-06	0.9999941
0.0001126587	0.9998873
0.00234759	0.9976524
8.634005e-06	0.9999914
0.008019926	0.9919801
0.0004480554	0.9995519
8.74433e-10	1
0.0002082496	0.9997918
0.0007649399	0.9992351
0.005038549	0.9949615
2.156572e-09	1
3.746834e-05	0.9999625
0.00425818	0.9957418
4.920664e-05	0.9999508
1.485617e-20	1
1.177586e-05	0.9999882
0.0005064526	0.9994935
0.004533171	0.9954668
0.04551581	0.9544842
5.831021e-10	1
2.491321e-14	1
3.413e-09	1
1.069806e-06	0.9999989
0.0001050422	0.999895
0.0001372941	0.9998627
0.0009673329	0.9990327
3.623693e-07	0.9999996
2.02175e-07	0.9999998
1.233012e-05	0.9999877
0.0001563234	0.9998437
1.62977e-05	0.9999837
0.0001060595	0.9998939
0.008593234	0.9914068
5.178772e-05	0.9999482
0.003431325	0.9965687
8.029622e-07	0.9999992
3.730585e-07	0.9999996
4.411699e-22	1
0.00490814	0.9950919
4.375174e-12	1
2.218875e-08	1
7.041851e-06	0.999993
6.631422e-05	0.9999337
5.281089e-05	0.9999472
9.242696e-05	0.9999076
1.036037e-05	0.9999896
4.662327e-06	0.9999953
0.0008313851	0.9991686
8.97871e-08	0.9999999
6.991024e-08	0.9999999
0.0002213745	0.9997786
0.000167534	0.9998325
1.753448e-07	0.9999998
1.0066e-06	0.999999
6.319774e-06	0.9999937
4.41215e-07	0.9999996
0.001123598	0.9988764
0.0003920017	0.999608
4.427677e-08	1
8.439786e-13	1
0.000965979	0.999034
0.0006206906	0.9993793
0.004582071	0.9954179
3.370009e-05	0.9999663
0.0003703014	0.9996297
4.221989e-15	1
0.04814434	0.9518557
0.001340699	0.9986593
3.468559e-07	0.9999997
1.671086e-05	0.9999833
1.949468e-05	0.9999805
0.001840155	0.9981598
1.341079e-05	0.9999866
9.628393e-05	0.9999037
0.0004316678	0.9995683
1.4859e-06	0.9999985
6.742886e-05	0.9999326
3.67249e-05	0.9999633
0.0003931062	0.9996069
0.0004105069	0.9995895
0.0001390335	0.999861
7.916379e-16	1
2.792182e-21	1
2.484838e-55	1
2.996712e-05	0.99997
5.02514e-10	1
5.638375e-05	0.9999436
1.038714e-07	0.9999999
4.71572e-08	1
7.930956e-05	0.9999207
7.025691e-05	0.9999297
0.002103153	0.9978968
4.571654e-07	0.9999995
1.359897e-21	1
3.093995e-07	0.9999997
2.022668e-09	1
1.585479e-07	0.9999998
3.292845e-08	1
1.146381e-06	0.9999989
9.809556e-05	0.9999019
3.41894e-05	0.9999658
0.0003009995	0.999699
0.01630889	0.9836911
3.502256e-13	1
0.004220163	0.9957798
3.517659e-06	0.9999965
2.947186e-17	1
2.284612e-06	0.9999977
2.610512e-07	0.9999997
0.008471094	0.9915289
1.092702e-06	0.9999989
2.77836e-05	0.9999722
0.0002054336	0.9997946
0.001252331	0.9987477
0.0002349517	0.999765
1.265275e-26	1
2.738928e-10	1
2.049284e-05	0.9999795
1.48164e-05	0.9999852
1.422076e-30	1
0.0001502538	0.9998497
3.450195e-07	0.9999997
0.0001503769	0.9998496
0.0007506191	0.9992494
0.0007346039	0.9992654
0.001729417	0.9982706
1.657332e-05	0.9999834
3.952081e-07	0.9999996
3.310721e-06	0.9999967
7.983355e-06	0.999992
8.553362e-05	0.9999145
1.006254e-09	1
4.077443e-17	1
2.988136e-07	0.9999997
1.801723e-08	1
2.542259e-05	0.9999746
2.259846e-26	1
0.001026922	0.9989731
6.28888e-05	0.9999371
2.971282e-05	0.9999703
1.731588e-08	1
1.141683e-10	1
0.003965398	0.9960346
0.01557724	0.9844228
0.0003122141	0.9996878
3.059244e-08	1
7.232556e-06	0.9999928
0.002740953	0.997259
2.547999e-05	0.9999745
0.02201832	0.9779817
0.001079873	0.9989201
2.930071e-05	0.9999707
9.251282e-09	1
0.0162126	0.9837874
1.508148e-10	1
3.319332e-05	0.9999668
0.0004692348	0.9995308
0.0002772727	0.9997227
0.001237208	0.9987628
1.265149e-05	0.9999873
0.01232957	0.9876704
4.286101e-07	0.9999996
1.159137e-08	1
5.252613e-09	1
6.991505e-11	1
1.759808e-05	0.9999824
4.107618e-10	1
7.413343e-15	1
2.638636e-23	1
2.227964e-13	1
7.316702e-05	0.9999268
2.279363e-05	0.9999772
1.071979e-05	0.9999893
2.4342e-06	0.9999976
6.639581e-08	0.9999999
3.384524e-08	1
1.265275e-26	1
1.929401e-06	0.9999981
0.0002287887	0.9997712
0.0004523168	0.9995477
0.0006462228	0.9993538
0.0001091181	0.9998909
0.0003077393	0.9996923
0.0008034372	0.9991966
3.112542e-22	1
1.266746e-13	1
3.80977e-08	1
0.00349411	0.9965059
0.005304715	0.9946953
8.23574e-06	0.9999918
4.4542e-15	1
2.928289e-05	0.9999707
0.000107188	0.9998928
0.0002197551	0.9997802
7.027949e-05	0.9999297
0.04959478	0.9504052
0.000285221	0.9997148
0.001823824	0.9981762
6.22767e-05	0.9999377
2.31343e-07	0.9999998
0.003896421	0.9961036
0.009553777	0.9904462
0.001585891	0.9984141
4.283583e-08	1
0.0005151627	0.9994848
0.0005959153	0.9994041
1.721026e-06	0.9999983
0.001203848	0.9987962
0.01132895	0.988671
0.003494487	0.9965055
1.702147e-05	0.999983
7.703115e-07	0.9999992
0.0008052784	0.9991947
0.0004590328	0.999541
2.43362e-05	0.9999757
2.301165e-08	1
0.002476461	0.9975235
0.00512187	0.9948781
0.0003887878	0.9996112
0.001955421	0.9980446
0.001801288	0.9981987
0.00017106	0.9998289
0.000222044	0.999778
3.960997e-06	0.999996
3.056554e-06	0.9999969
0.003165505	0.9968345
1.085958e-05	0.9999891
0.0007206925	0.9992793
0.0001576285	0.9998424
2.122166e-14	1
2.094761e-14	1
1.554352e-09	1
0.0001867168	0.9998133
0.00109312	0.9989069
0.0006418376	0.9993582
0.003473127	0.9965269
1.668066e-18	1
2.881804e-07	0.9999997
2.890616e-05	0.9999711
0.0001049137	0.9998951
0.001388609	0.9986114
0.001118275	0.9988817
0.00631509	0.9936849
0.1957775	0.8042225
9.333809e-07	0.9999991
2.06971e-10	1
0.004830683	0.9951693
0.002540072	0.9974599
0.001599483	0.9984005
6.815284e-05	0.9999318
0.00356535	0.9964347
0.0001947564	0.9998052
1.211396e-07	0.9999999
0.002192603	0.9978074
0.001195298	0.9988047
2.5727e-06	0.9999974
4.0201e-06	0.999996
0.01923094	0.9807691
2.200116e-05	0.999978
5.046705e-05	0.9999495
7.166576e-05	0.9999283
0.002592973	0.997407
2.96251e-06	0.999997
2.505708e-09	1
0.01669188	0.9833081
0.003127817	0.9968722
1.108895e-05	0.9999889
0.0001608055	0.9998392
0.0001209438	0.9998791
7.078377e-05	0.9999292
8.916337e-05	0.9999108
2.755095e-05	0.9999724
0.0008214021	0.9991786
0.0001262635	0.9998737
0.003155485	0.9968445
0.003202468	0.9967975
1.805537e-07	0.9999998
0.0002248198	0.9997752
0.005596999	0.994403
0.0004623179	0.9995377
8.213968e-05	0.9999179
1.501753e-10	1
0.0004693602	0.9995306
0.0009735385	0.9990265
1.858367e-06	0.9999981
1.301398e-21	1
0.00301077	0.9969892
0.0002114493	0.9997886
2.358208e-18	1
2.212926e-05	0.9999779
3.47073e-10	1
7.8872e-06	0.9999921
1.272953e-31	1
2.764995e-07	0.9999997
0.02341421	0.9765858
1.196152e-07	0.9999999
2.981125e-05	0.9999702
5.213629e-12	1
6.462104e-09	1
1.350899e-08	1
0.0001286612	0.9998713
3.871461e-05	0.9999613
4.744934e-05	0.9999526
8.216199e-05	0.9999178
5.286372e-06	0.9999947
3.937586e-05	0.9999606
0.001508727	0.9984913
1.146244e-05	0.9999885
0.004237259	0.9957627
1.020028e-05	0.9999898
9.217306e-05	0.9999078
0.00130296	0.998697
1.084691e-07	0.9999999
0.0001556855	0.9998443
9.816778e-16	1
5.941547e-06	0.9999941
0.0003519329	0.9996481
3.533086e-07	0.9999996
0.002068749	0.9979313
9.702746e-15	1
0.0001274411	0.9998726
0.000446291	0.9995537
3.758744e-06	0.9999962
0.0001708126	0.9998292
2.994126e-06	0.999997
2.852957e-06	0.9999971
4.158005e-12	1
0.0001556799	0.9998443
1	0
7.59062e-05	0.9999241
1.098151e-09	1
2.302422e-06	0.9999977
0.0001001346	0.9998999
0.002243664	0.9977563
2.554236e-23	1
0.001664031	0.998336
0.0003439236	0.9996561
2.516836e-05	0.9999748
0.0001843483	0.9998157
6.373337e-06	0.9999936
0.008921867	0.9910781
6.179938e-17	1
0.001710504	0.9982895
4.052903e-05	0.9999595
9.424714e-14	1
1.177965e-27	1
1.308021e-05	0.9999869
1.199575e-26	1
2.42835e-05	0.9999757
0.002212936	0.9977871
0.002712381	0.9972876
2.736088e-11	1
0.0001357207	0.9998643
7.840741e-05	0.9999216
1.579549e-19	1
0.001253642	0.9987464
0.0001034235	0.9998966
4.208709e-05	0.9999579
0.001685495	0.9983145
0.003353803	0.9966462
1.090921e-20	1
0.000494932	0.9995051
4.145659e-05	0.9999585
0.001420816	0.9985792
8.226167e-05	0.9999177
0.003826473	0.9961735
2.939715e-15	1
0.004368829	0.9956312
1.809981e-19	1
2.472516e-05	0.9999753
2.652421e-08	1
0.006311759	0.9936882
3.00993e-06	0.999997
9.971782e-07	0.999999
0.001347954	0.998652
8.807058e-30	1
0.0007533209	0.9992467
0.002755351	0.9972446
2.37545e-06	0.9999976
0.00173325	0.9982667
0.0005120554	0.9994879
3.997879e-05	0.99996
1.032163e-06	0.999999
6.317949e-06	0.9999937
0.004342548	0.9956575
0.0001182074	0.9998818
2.526031e-09	1
5.17919e-25	1
3.346632e-06	0.9999967
0.0003334826	0.9996665
5.838783e-10	1
1.561157e-05	0.9999844
4.302874e-05	0.999957
0.09418849	0.9058115
1.794631e-06	0.9999982
0.000392452	0.9996075
0.0001643393	0.9998357
0.02499378	0.9750062
7.516129e-05	0.9999248
3.030609e-07	0.9999997
3.468466e-05	0.9999653
2.985904e-13	1
4.735952e-08	1
0.001024163	0.9989758
0.0001291193	0.9998709
6.47631e-06	0.9999935
4.525709e-09	1
2.97154e-05	0.9999703
1.927456e-10	1
1.108165e-07	0.9999999
0.0002196846	0.9997803
3.752723e-06	0.9999962
0.1626123	0.8373877
3.213692e-06	0.9999968
2.27849e-08	1
4.02776e-05	0.9999597
5.971635e-05	0.9999403
0.0002747402	0.9997253
0.004327675	0.9956723
1.808735e-14	1
0.0002127249	0.9997873
6.000351e-15	1
0.0001716761	0.9998283
2.267774e-05	0.9999773
0.002568455	0.9974315
5.525053e-06	0.9999945
1.748897e-26	1
1.865081e-12	1
0.0001031599	0.9998968
0.006839173	0.9931608
1.130041e-13	1
2.062092e-05	0.9999794
6.982775e-05	0.9999302
2.860779e-08	1
0.0001674317	0.9998326
2.71599e-10	1
0.0001185882	0.9998814
6.13735e-14	1
1.235088e-07	0.9999999
0.0004520781	0.9995479
6.64595e-06	0.9999934
0.0001541827	0.9998458
4.514426e-09	1
3.415562e-06	0.9999966
0.001227459	0.9987725
0.003842236	0.9961578
1.328509e-17	1
0.0002047947	0.9997952
2.207255e-07	0.9999998
0.0001112676	0.9998887
0.0006487292	0.9993513
0.001850774	0.9981492
1.640207e-06	0.9999984
0.00164991	0.9983501
0.00175593	0.9982441
0.000617645	0.9993824
3.179921e-20	1
4.688578e-05	0.9999531
0.0004689117	0.9995311
9.067625e-12	1
0.005857345	0.9941427
0.0004182446	0.9995818
4.997037e-10	1
3.056554e-06	0.9999969
1.076868e-05	0.9999892
1.538794e-06	0.9999985
2.347407e-07	0.9999998
0.0005582849	0.9994417
7.580352e-23	1
0.006604882	0.9933951
0.005476044	0.994524
0.0001604207	0.9998396
0.0002129722	0.999787
2.501161e-06	0.9999975
0.2206973	0.7793027
2.752365e-08	1
2.194087e-05	0.9999781
0.06881768	0.9311823
9.067625e-12	1
1.975294e-05	0.9999802
4.634728e-05	0.9999537
0.0001557438	0.9998443
6.407245e-05	0.9999359
1.749891e-07	0.9999998
1.232144e-06	0.9999988
0.001081042	0.998919
4.922324e-06	0.9999951
0.00254651	0.9974535
0.007433268	0.9925667
4.015783e-05	0.9999598
1.808433e-12	1
1.121203e-21	1
1.372992e-14	1
1.194145e-09	1
1.948609e-10	1
0.0003825531	0.9996174
5.932169e-10	1
8.294975e-05	0.9999171
0.001298868	0.9987011
5.242029e-22	1
1.737003e-05	0.9999826
5.022251e-09	1
1.934992e-06	0.9999981
0.0002362677	0.9997637
1.255981e-08	1
0.0008072146	0.9991928
5.206506e-05	0.9999479
2.66858e-19	1
0.008075309	0.9919247
0.001143735	0.9988563
0.0004523889	0.9995476
0.009772504	0.9902275
0.0002047947	0.9997952
1.095361e-08	1
0.000369764	0.9996302
0.0003417464	0.9996583
2.366923e-05	0.9999763
0.001737897	0.9982621
0.002365302	0.9976347
1.657628e-17	1
9.816778e-16	1
1.99352e-07	0.9999998
7.479593e-05	0.9999252
0.0001320135	0.999868
8.440029e-29	1
7.971121e-05	0.9999203
1.213195e-09	1
1.104418e-06	0.9999989
3.552797e-05	0.9999645
6.089281e-06	0.9999939
0.001336849	0.9986632
9.880257e-07	0.999999
0.003811759	0.9961882
0.001218183	0.9987818
2.890148e-05	0.9999711
0.0002999052	0.9997001
0.0435438	0.9564562
7.398109e-06	0.9999926
0.009593153	0.9904068
0.001850263	0.9981497
3.353328e-05	0.9999665
0.001457771	0.9985422
2.57646e-10	1
5.725451e-08	0.9999999
2.610985e-06	0.9999974
0.0005766035	0.9994234
4.872712e-08	1
0.001738276	0.9982617
6.340334e-11	1
2.146193e-08	1
8.757263e-12	1
1.449524e-06	0.9999986
3.744369e-09	1
0.003702114	0.9962979
1.514838e-05	0.9999849
7.542975e-05	0.9999246
6.214228e-07	0.9999994
9.932618e-06	0.9999901
5.464451e-08	0.9999999
0.006778956	0.993221
2.287389e-05	0.9999771
2.455748e-07	0.9999998
0.01317301	0.986827
0.002411217	0.9975888
1.59868e-05	0.999984
1.825943e-06	0.9999982
4.875242e-12	1
0.002355633	0.9976444
1.577999e-05	0.9999842
0.002199129	0.9978009
4.61869e-07	0.9999995
1.7042e-05	0.999983
2.816376e-07	0.9999997
4.182672e-08	1
7.603052e-06	0.9999924
0.001907257	0.9980927
0.003026858	0.9969731
5.411149e-05	0.9999459
2.17858e-05	0.9999782
8.645944e-07	0.9999991
6.440526e-07	0.9999994
1.866382e-08	1
7.397121e-05	0.999926
0.03168887	0.9683111
0.0003479108	0.9996521
0.001867891	0.9981321
6.565905e-08	0.9999999
0.0009348859	0.9990651
4.233268e-05	0.9999577
0.0003254386	0.9996746
0.003252813	0.9967472
0.0005667345	0.9994333
0.002683338	0.9973167
8.273212e-06	0.9999917
0.0005452911	0.9994547
0.009717585	0.9902824
1.275973e-25	1
0.001880429	0.9981196
1.654425e-05	0.9999835
1.111224e-05	0.9999889
1.986152e-15	1
4.330533e-46	1
1.951925e-06	0.999998
0.00013465	0.9998653
6.144747e-08	0.9999999
0.0002808664	0.9997191
0.0004831974	0.9995168
0.0001685842	0.9998314
1.299261e-12	1
0.002591753	0.9974082
2.087538e-09	1
4.226309e-06	0.9999958
0.0002697713	0.9997302
0.0001220263	0.999878
1.157444e-09	1
0.007723397	0.9922766
0.001832087	0.9981679
3.930364e-07	0.9999996
0.0003994137	0.9996006
2.631987e-06	0.9999974
0.0003959711	0.999604
8.84729e-09	1
9.379111e-05	0.9999062
6.274122e-13	1
1.073152e-08	1
0.001705394	0.9982946
0.02988004	0.97012
0.005955596	0.9940444
1.485617e-20	1
1.321915e-06	0.9999987
1.418908e-06	0.9999986
0.0003403408	0.9996597
0.0001688352	0.9998312
0.001845237	0.9981548
0.0001125273	0.9998875
0.002047256	0.9979527
5.328648e-06	0.9999947
3.278732e-08	1
0.0002695712	0.9997304
2.529225e-08	1
1	0
1.044201e-12	1
0.0006634328	0.9993366
2.31486e-06	0.9999977
3.721689e-05	0.9999628
1.281102e-18	1
0.0008692353	0.9991308
1	0
0.0006703351	0.9993297
1.458919e-07	0.9999999
0.01033879	0.9896612
1.901909e-06	0.9999981
3.376995e-06	0.9999966
0.02380712	0.9761929
6.9417e-06	0.9999931
3.062512e-05	0.9999694
2.384206e-06	0.9999976
3.140908e-05	0.9999686
5.439757e-05	0.9999456
0.0001339661	0.999866
0.005583838	0.9944162
8.725518e-07	0.9999991
4.042121e-06	0.999996
8.150724e-05	0.9999185
6.114628e-10	1
0.0001044465	0.9998956
0.001262387	0.9987376
6.900593e-05	0.999931
2.164082e-05	0.9999784
4.317224e-22	1
1.21266e-06	0.9999988
1.683812e-07	0.9999998
8.153099e-05	0.9999185
6.509061e-07	0.9999993
0.0001605928	0.9998394
1.193344e-12	1
1.281412e-05	0.9999872
7.756936e-07	0.9999992
0.0005896896	0.9994103
1.470292e-05	0.9999853
0.0002253783	0.9997746
0.01360833	0.9863917
4.848952e-10	1
0.0004844303	0.9995156
0.008603684	0.9913963
5.697345e-06	0.9999943
1.748897e-26	1
4.184249e-05	0.9999582
2.693214e-13	1
0.0004278219	0.9995722
6.311067e-12	1
1.978391e-14	1
5.305745e-06	0.9999947
1.584907e-06	0.9999984
0.001317814	0.9986822
6.438139e-06	0.9999936
2.730484e-05	0.9999727
1.550632e-08	1
1.349904e-08	1
0.0006222487	0.9993778
4.537017e-09	1
0.0001765735	0.9998234
0.0052559	0.9947441
1.420402e-05	0.9999858
0.000818236	0.9991818
2.795153e-11	1
0.0002075558	0.9997924
8.098497e-06	0.9999919
0.001446106	0.9985539
0.002973482	0.9970265
2.418242e-05	0.9999758
9.617796e-11	1
1.225833e-07	0.9999999
2.559823e-05	0.9999744
6.892583e-06	0.9999931
0.0001506126	0.9998494
0.0002978746	0.9997021
0.01030989	0.9896901
3.047824e-06	0.999997
0.0003674596	0.9996325
0.006852402	0.9931476
1.966322e-08	1
0.01106779	0.9889322
0.005171351	0.9948286
7.697744e-05	0.999923
6.233975e-12	1
0.0003358664	0.9996641
3.222936e-12	1
0.03115627	0.9688437
7.75016e-07	0.9999992
0.0006225375	0.9993775
1.051867e-05	0.9999895
4.975241e-05	0.9999502
0.0007046745	0.9992953
0.001170104	0.9988299
0.0001406327	0.9998594
0.0003912341	0.9996088
0.00129175	0.9987083
4.828583e-05	0.9999517
7.672692e-27	1
0.005005941	0.9949941
0.0002798067	0.9997202
0.001442618	0.9985574
0.0001031488	0.9998969
0.001147318	0.9988527
4.504263e-05	0.999955
0.007228852	0.9927711
1.523748e-13	1
1.39441e-06	0.9999986
1.299002e-06	0.9999987
1.61178e-05	0.9999839
1.345904e-05	0.9999865
0.0005731228	0.9994269
0.0002151383	0.9997849
4.187335e-07	0.9999996
0.0009728355	0.9990272
0.001589449	0.9984106
4.245354e-11	1
1.263049e-16	1
0.001931684	0.9980683
0.0001886417	0.9998114
9.840746e-05	0.9999016
0.0002332837	0.9997667
0.05327721	0.9467228
0.0006736704	0.9993263
0.003710739	0.9962893
2.211674e-07	0.9999998
4.842702e-08	1
0.0006777492	0.9993223
0.0008460342	0.999154
0.004626779	0.9953732
0.0001210506	0.9998789
0.004457901	0.9955421
0.003126001	0.996874
8.347002e-10	1
1.923358e-06	0.9999981
0.0001730064	0.999827
1.554412e-07	0.9999998
0.0001335832	0.9998664
1.109753e-07	0.9999999
1.038017e-08	1
4.042451e-10	1
0.0004699539	0.99953
1.182166e-06	0.9999988
0.0003173891	0.9996826
0.002418591	0.9975814
0.0007305099	0.9992695
0.000933404	0.9990666
0.0001350504	0.9998649
0.005122243	0.9948778
0.004491247	0.9955088
0.01189011	0.9881099
0.0001872151	0.9998128
7.859137e-07	0.9999992
0.001669273	0.9983307
1.254566e-09	1
4.738834e-36	1
0.008950711	0.9910493
1.266746e-13	1
0.0002315109	0.9997685
0.0001637394	0.9998363
6.449386e-05	0.9999355
0.001757036	0.998243
1.069319e-06	0.9999989
4.096988e-10	1
0.000140206	0.9998598
8.778656e-05	0.9999122
0.0008499965	0.99915
2.380282e-09	1
5.929951e-13	1
0.000680723	0.9993193
0.0003061718	0.9996938
0.033621	0.966379
1.721959e-05	0.9999828
0.004814203	0.9951858
4.477533e-10	1
0.000590134	0.9994099
1.462981e-06	0.9999985
0.007074094	0.9929259
2.842307e-05	0.9999716
4.088198e-05	0.9999591
0.00177158	0.9982284
0.0007781069	0.9992219
4.110751e-05	0.9999589
0.001309692	0.9986903
0.02267588	0.9773241
0.0001614812	0.9998385
4.335627e-05	0.9999566
0.0003941101	0.9996059
0.004515261	0.9954847
2.586173e-08	1
0.0004854874	0.9995145
0.006013339	0.9939867
2.838123e-06	0.9999972
2.900676e-19	1
2.458286e-07	0.9999998
0.0001049314	0.9998951
2.952597e-05	0.9999705
5.838783e-10	1
0.004285531	0.9957145
0.0001760668	0.9998239
6.724166e-11	1
2.251749e-05	0.9999775
9.03671e-06	0.999991
2.773764e-08	1
0.00127935	0.9987206
0.003175741	0.9968243
0.0001571659	0.9998428
0.0001216201	0.9998784
7.212579e-09	1
0.0004769473	0.9995231
0.006329048	0.993671
6.97661e-08	0.9999999
1.668066e-18	1
0.0003087098	0.9996913
0.01490213	0.9850979
0.000100991	0.999899
0.0001327094	0.9998673
0.002128089	0.9978719
0.001173126	0.9988269
0.00051588	0.9994841
4.243302e-07	0.9999996
1.113945e-13	1
0.001297053	0.9987029
0.0001074778	0.9998925
6.269166e-05	0.9999373
1.910982e-12	1
0.004027586	0.9959724
3.648879e-09	1
0.001242453	0.9987575
1.670848e-07	0.9999998
0.0003588619	0.9996411
0.0009150404	0.999085
0.004587486	0.9954125
4.685039e-06	0.9999953
1.45749e-05	0.9999854
2.087182e-05	0.9999791
0.000667738	0.9993323
1.772093e-05	0.9999823
3.336114e-07	0.9999997
0.0001035852	0.9998964
0.000137377	0.9998626
0.004869655	0.9951303
1.689502e-64	1
2.510918e-11	1
0.0004504088	0.9995496
2.252386e-05	0.9999775
0.02090919	0.9790908
0.0007159481	0.9992841
6.810656e-06	0.9999932
0.01110669	0.9888933
1.541734e-05	0.9999846
6.505578e-05	0.9999349
0.00224601	0.997754
0.001325425	0.9986746
1.668196e-06	0.9999983
0.0003878711	0.9996121
0.0006381234	0.9993619
2.223793e-05	0.9999778
3.549372e-12	1
0.0004491725	0.9995508
1.674304e-06	0.9999983
1.237813e-05	0.9999876
1.865386e-15	1
0.0005176148	0.9994824
0.0008003915	0.9991996
0.0001347771	0.9998652
0.009094135	0.9909059
3.438283e-07	0.9999997
2.89208e-13	1
8.189828e-08	0.9999999
7.925111e-07	0.9999992
7.4005e-10	1
2.587802e-06	0.9999974
4.662825e-05	0.9999534
1.837125e-06	0.9999982
4.093697e-10	1
0.0007221162	0.9992779
0.0005040981	0.9994959
0.0005472735	0.9994527
1.242156e-05	0.9999876
0.004320081	0.9956799
0.0006184606	0.9993815
0.004041931	0.9959581
0.003650078	0.9963499
3.632216e-05	0.9999637
0.0007443542	0.9992556
0.001769807	0.9982302
2.055854e-05	0.9999794
2.08679e-08	1
8.098554e-09	1
0.001968246	0.9980318
7.660834e-07	0.9999992
9.573625e-08	0.9999999
7.902492e-05	0.999921
7.573216e-05	0.9999243
0.0004353843	0.9995646
1.770494e-10	1
3.246222e-16	1
4.264814e-08	1
3.80977e-08	1
0.002089064	0.9979109
0.3795285	0.6204715
4.822387e-05	0.9999518
1.310886e-09	1
0.02386639	0.9761336
4.74726e-07	0.9999995
4.844703e-05	0.9999516
3.075137e-12	1
0.001847894	0.9981521
2.341149e-06	0.9999977
0.0003893689	0.9996106
8.699169e-08	0.9999999
8.028438e-06	0.999992
0.0009615879	0.9990384
4.02747e-08	1
9.780237e-08	0.9999999
0.0002139724	0.999786
0.0002229326	0.9997771
0.01164394	0.9883561
0.04505672	0.9549433
3.429595e-05	0.9999657
4.368627e-06	0.9999956
1.753133e-05	0.9999825
3.700576e-05	0.999963
1.111689e-05	0.9999889
7.715587e-10	1
0.01847957	0.9815204
0.001361336	0.9986387
2.207788e-06	0.9999978
5.210931e-08	0.9999999
2.957147e-09	1
0.000136455	0.9998635
3.49418e-05	0.9999651
1.349787e-10	1
2.11249e-05	0.9999789
7.115414e-08	0.9999999
0.01553662	0.9844634
0.00249704	0.997503
1.885058e-08	1
0.003559097	0.9964409
9.50412e-06	0.9999905
7.063306e-06	0.9999929
1.098151e-09	1
5.059315e-08	0.9999999
9.68664e-09	1
9.244504e-05	0.9999076
2.649599e-11	1
0.0003579429	0.9996421
8.347002e-10	1
0.0003915479	0.9996085
0.0004712778	0.9995287
0.004223018	0.995777
8.205571e-10	1
6.264875e-05	0.9999374
0.0002289803	0.999771
2.821514e-07	0.9999997
3.163587e-12	1
1.879375e-08	1
6.053201e-23	1
2.41083e-21	1
0.0002735329	0.9997265
0.0009387145	0.9990613
0.0001173257	0.9998827
6.006754e-39	1
0.0002376457	0.9997624
6.138988e-07	0.9999994
3.282654e-09	1
0.009298337	0.9907017
0.0004515742	0.9995484
0.0001878911	0.9998121
0.002514486	0.9974855
2.206705e-11	1
6.911176e-17	1
0.006167834	0.9938322
1.078863e-05	0.9999892
0.0003706701	0.9996293
7.731494e-10	1
7.186652e-07	0.9999993
0.0002921631	0.9997078
0.0007247043	0.9992753
0.0002571988	0.9997428
0.0008346	0.9991654
1.232841e-32	1
7.182765e-05	0.9999282
0.001200107	0.9987999
3.949347e-06	0.9999961
0.008700288	0.9912997
4.052124e-08	1
6.423619e-09	1
0.0001599769	0.99984
6.850658e-15	1
7.857028e-09	1
2.449731e-05	0.9999755
0.005508049	0.994492
0.002851704	0.9971483
2.305354e-08	1
0.0005892929	0.9994107
0.01699635	0.9830037
0.0001222803	0.9998777
0.008663208	0.9913368
1.134773e-08	1
0.008912564	0.9910874
0.0001250693	0.9998749
1.201935e-07	0.9999999
0.003801444	0.9961986
0.1696677	0.8303323
0.0002894381	0.9997106
3.894029e-15	1
4.654197e-06	0.9999953
0.0002122028	0.9997878
7.029152e-07	0.9999993
2.598573e-13	1
5.536274e-06	0.9999945
0.0007168223	0.9992832
8.96864e-06	0.999991
8.942367e-11	1
0.003529575	0.9964704
0.00108234	0.9989177
0.0005607133	0.9994393
7.114262e-10	1
2.041941e-09	1
0.0003829159	0.9996171
6.286478e-14	1
4.576721e-05	0.9999542
0.0001601599	0.9998398
8.451305e-06	0.9999915
0.0006129272	0.9993871
1.509891e-05	0.9999849
9.89099e-07	0.999999
2.899039e-05	0.999971
0.1430043	0.8569957
1.492766e-08	1
8.140442e-08	0.9999999
0.004504552	0.9954954
7.82014e-05	0.9999218
0.002852236	0.9971478
0.0008106459	0.9991894
6.578064e-13	1
7.287449e-05	0.9999271
1.770829e-07	0.9999998
1.212402e-07	0.9999999
2.01647e-08	1
0.002780488	0.9972195
6.190553e-05	0.9999381
0.000557156	0.9994428
1.072887e-05	0.9999893
6.006873e-05	0.9999399
0.003096021	0.996904
0.0001884069	0.9998116
0.003226784	0.9967732
1.503336e-05	0.999985
0.01632178	0.9836782
4.584821e-07	0.9999995
3.11314e-06	0.9999969
1.451066e-10	1
0.0026217	0.9973783
0.0001091262	0.9998909
5.156226e-10	1
2.575961e-05	0.9999742
0.0005839765	0.999416
0.0002350037	0.999765
1.456057e-05	0.9999854
3.120817e-07	0.9999997
0.003256777	0.9967432
7.639541e-13	1
0.00013548	0.9998645
0.0001369219	0.9998631
3.313034e-17	1
0.0009843624	0.9990156
4.696956e-10	1
0.002826557	0.9971734
0.0005525164	0.9994475
0.0007201397	0.9992799
4.19876e-05	0.999958
0.0005426823	0.9994573
5.832623e-06	0.9999942
9.171925e-07	0.9999991
1.539433e-06	0.9999985
8.53558e-05	0.9999146
0.0002420846	0.9997579
2.826039e-09	1
1.365891e-06	0.9999986
8.026967e-08	0.9999999
3.287783e-09	1
2.792762e-08	1
0.0004411614	0.9995588
0.0002171309	0.9997829
3.512377e-05	0.9999649
1.131553e-05	0.9999887
2.592194e-06	0.9999974
4.549565e-12	1
1.386564e-18	1
0.0003704255	0.9996296
0.0003070746	0.9996929
9.460217e-06	0.9999905
2.249925e-08	1
0.000432867	0.9995671
4.828237e-08	1
0.0001388954	0.9998611
4.426455e-29	1
0.001532317	0.9984677
0.001431027	0.998569
2.555912e-05	0.9999744
0.0005171923	0.9994828
5.181115e-07	0.9999995
3.514943e-06	0.9999965
2.762823e-07	0.9999997
0.0022286	0.9977714
0.001316162	0.9986838
0.006602012	0.993398
2.072624e-18	1
0.009627614	0.9903724
0.0002609996	0.999739
0.0001216036	0.9998784
0.002322666	0.9976773
2.478023e-14	1
0.02152432	0.9784757
1.311049e-07	0.9999999
5.397334e-09	1
0.01025134	0.9897487
8.871332e-06	0.9999911
1.65911e-09	1
2.815358e-05	0.9999718
0.0005745265	0.9994255
0.001942661	0.9980573
0.0001412525	0.9998587
2.060957e-23	1
5.544261e-05	0.9999446
2.133757e-28	1
0.001415943	0.9985841
1.962599e-14	1
0.001790818	0.9982092
5.759244e-07	0.9999994
2.533383e-06	0.9999975
7.26553e-05	0.9999273
1.733219e-05	0.9999827
8.384913e-05	0.9999162
5.776468e-05	0.9999422
3.028119e-06	0.999997
7.27277e-28	1
0.0026048	0.9973952
7.698485e-18	1
2.513153e-15	1
7.849263e-15	1
0.1293278	0.8706722
0.0001462033	0.9998538
3.511857e-06	0.9999965
2.501161e-06	0.9999975
0.0001447214	0.9998553
0.000211503	0.9997885
3.056551e-05	0.9999694
0.007719285	0.9922807
0.0008141796	0.9991858
1.014916e-05	0.9999899
0.0001564289	0.9998436
0.0009436907	0.9990563
0.0002189556	0.999781
3.453588e-05	0.9999655
9.974457e-05	0.9999003
7.378225e-05	0.9999262
0.0008707801	0.9991292
8.182878e-19	1
5.305745e-06	0.9999947
0.003351336	0.9966487
1.503032e-06	0.9999985
0.004631052	0.9953689
3.888178e-06	0.9999961
0.0005810453	0.999419
5.417262e-06	0.9999946
0.001897862	0.9981021
0.004542571	0.9954574
1.631933e-13	1
0.008831384	0.9911686
0.0005746717	0.9994253
0.01412025	0.9858797
4.549565e-12	1
0.0007550358	0.999245
8.620122e-06	0.9999914
0.007617439	0.9923826
1.947297e-08	1
3.692376e-14	1
6.342745e-06	0.9999937
0.0001414934	0.9998585
2.340229e-07	0.9999998
0.002380364	0.9976196
0.0001458145	0.9998542
0.01730072	0.9826993
2.922422e-05	0.9999708
1.044337e-23	1
1.506024e-05	0.9999849
0.002296534	0.9977035
0.003559097	0.9964409
0.004118077	0.9958819
0.0005294334	0.9994706
0.0001374559	0.9998625
1	0
0.001925155	0.9980748
0.0002747642	0.9997252
3.8137e-13	1
0.0009074961	0.9990925
8.292979e-09	1
2.442514e-05	0.9999756
0.0002152348	0.9997848
6.910624e-06	0.9999931
0.0002082635	0.9997917
0.002262011	0.997738
0.0001134221	0.9998866
4.077443e-17	1
0.001600888	0.9983991
2.116602e-10	1
6.067329e-09	1
1.338687e-10	1
8.196567e-12	1
0.00427072	0.9957293
0.0002359666	0.999764
0.0001970161	0.999803
0.0004167228	0.9995833
7.700581e-05	0.999923
0.0004642388	0.9995358
0.001128125	0.9988719
6.454722e-05	0.9999355
0.002984276	0.9970157
6.962896e-05	0.9999304
3.620714e-11	1
1.188132e-09	1
0.0002836976	0.9997163
1.044337e-23	1
4.273002e-05	0.9999573
4.412812e-06	0.9999956
7.982412e-06	0.999992
4.029165e-06	0.999996
0.0001023454	0.9998977
2.646314e-06	0.9999974
6.53598e-06	0.9999935
6.317886e-08	0.9999999
9.171925e-07	0.9999991
0.009897858	0.9901021
7.31789e-08	0.9999999
5.500627e-06	0.9999945
0.004094305	0.9959057
8.799978e-10	1
0.001178367	0.9988216
0.001735299	0.9982647
0.001902465	0.9980975
7.980338e-06	0.999992
0.0005762602	0.9994237
6.415765e-17	1
0.002102347	0.9978977
9.041587e-06	0.999991
5.919784e-14	1
0.002235672	0.9977643
1.010953e-05	0.9999899
5.71509e-05	0.9999428
5.519514e-24	1
0.004035663	0.9959643
3.352604e-05	0.9999665
7.420789e-06	0.9999926
0.000347614	0.9996524
6.012999e-08	0.9999999
1.379873e-06	0.9999986
0.0007134241	0.9992866
8.131314e-25	1
2.396321e-05	0.999976
0.0009930877	0.9990069
4.808819e-26	1
0.0002304143	0.9997696
0.007214084	0.9927859
7.384439e-06	0.9999926
0.001204406	0.9987956
0.006437354	0.9935626
0.0007060678	0.9992939
3.036228e-17	1
9.130482e-06	0.9999909
2.781447e-20	1
6.429955e-05	0.9999357
1.415328e-07	0.9999999
3.033953e-09	1
0.01061244	0.9893876
0.0006159809	0.999384
3.188942e-07	0.9999997
2.606601e-05	0.9999739
0.0005083621	0.9994916
1.021277e-12	1
1.946224e-05	0.9999805
6.790126e-11	1
2.268989e-05	0.9999773
0.06274572	0.9372543
0.01184092	0.9881591
0.0001053019	0.9998947
1.255685e-05	0.9999874
6.505708e-06	0.9999935
2.842751e-05	0.9999716
3.80977e-08	1
0.002514251	0.9974857
0.03145018	0.9685498
0.005714399	0.9942856
0.0001724991	0.9998275
2.181409e-09	1
9.734218e-05	0.9999027
0.0003496606	0.9996503
1.299261e-12	1
0.00355842	0.9964416
1.867593e-05	0.9999813
1.676949e-07	0.9999998
8.373076e-06	0.9999916
5.248816e-06	0.9999948
0.0001983781	0.9998016
0.001883185	0.9981168
0.00290731	0.9970927
6.938761e-07	0.9999993
4.787382e-07	0.9999995
7.713411e-06	0.9999923
0.02233146	0.9776685
0.0005454118	0.9994546
0.0002958413	0.9997042
4.158005e-12	1
8.781598e-05	0.9999122
2.321152e-07	0.9999998
2.576117e-06	0.9999974
0.0004182371	0.9995818
2.067932e-07	0.9999998
3.221738e-05	0.9999678
3.311102e-14	1
1.266746e-13	1
4.844516e-05	0.9999516
0.01646463	0.9835354
1.040451e-05	0.9999896
6.730989e-18	1
0.004860121	0.9951399
0.004042111	0.9959579
0.0002391967	0.9997608
2.858489e-05	0.9999714
0.0001134928	0.9998865
4.839748e-09	1
4.574609e-05	0.9999543
0.02738718	0.9726128
0.0009245005	0.9990755
1.756325e-10	1
0.000531841	0.9994682
5.439613e-07	0.9999995
2.111474e-05	0.9999789
7.340866e-05	0.9999266
1.997747e-07	0.9999998
3.027474e-05	0.9999697
0.0007132063	0.9992868
0.0003664012	0.9996336
0.0004773836	0.9995226
0.003391843	0.9966082
0.0003597526	0.9996402
0.007249922	0.9927501
0.0001065167	0.9998935
1.859891e-07	0.9999998
2.406449e-10	1
6.049496e-05	0.9999395
2.011551e-09	1
0.002168395	0.9978316
0.0003670623	0.9996329
7.44031e-07	0.9999993
4.493075e-05	0.9999551
6.492379e-06	0.9999935
0.0020526	0.9979474
1.303793e-05	0.999987
6.212008e-08	0.9999999
0.0006005906	0.9993994
5.990077e-05	0.9999401
0.006846955	0.993153
0.2240105	0.7759895
0.003137467	0.9968625
0.01465841	0.9853416
0.000837684	0.9991623
3.198738e-11	1
4.327599e-06	0.9999957
4.401649e-05	0.999956
4.274573e-10	1
0.0007151604	0.9992848
0.0001241478	0.9998759
9.48958e-05	0.9999051
2.265605e-16	1
0.01352954	0.9864705
0.001298956	0.998701
0.004645007	0.995355
3.642039e-07	0.9999996
3.364357e-09	1
1.895278e-18	1
1.486341e-19	1
3.609262e-07	0.9999996
2.330162e-05	0.9999767
0.0001565735	0.9998434
0.00262232	0.9973777
0.100322	0.899678
9.1756e-18	1
2.805643e-06	0.9999972
7.820687e-06	0.9999922
1.047685e-06	0.999999
1.227917e-10	1
9.883885e-06	0.9999901
1.073037e-12	1
0.000346599	0.9996534
2.621732e-07	0.9999997
0.0002457276	0.9997543
1.066841e-05	0.9999893
0.0007048363	0.9992952
0.0004565528	0.9995434
1.098151e-09	1
0.01280981	0.9871902
2.478023e-14	1
4.644144e-10	1
6.568313e-09	1
4.905311e-07	0.9999995
1.373693e-10	1
3.184233e-07	0.9999997
0.0004280934	0.9995719
2.683757e-21	1
0.0008440801	0.9991559
6.366842e-09	1
8.465354e-05	0.9999153
1.934454e-06	0.9999981
9.589649e-22	1
0.001778669	0.9982213
0.000503085	0.9994969
5.769098e-08	0.9999999
4.984117e-07	0.9999995
0.0005380918	0.9994619
1.606918e-06	0.9999984
0.0004548045	0.9995452
1.831655e-08	1
6.581836e-07	0.9999993
0.002540407	0.9974596
6.681483e-05	0.9999332
4.511897e-06	0.9999955
5.861611e-06	0.9999941
0.0001003275	0.9998997
0.004687258	0.9953127
9.156617e-11	1
2.71599e-10	1
0.001227034	0.998773
4.615495e-05	0.9999538
8.711243e-08	0.9999999
2.446885e-07	0.9999998
1.051701e-05	0.9999895
0.0001103838	0.9998896
0.0009930193	0.999007
0.000600184	0.9993998
6.061954e-09	1
6.374823e-05	0.9999363
0.0002440459	0.999756
0.0003155323	0.9996845
8.462496e-07	0.9999992
0.0001469301	0.9998531
2.519012e-07	0.9999997
0.0001061337	0.9998939
3.059198e-07	0.9999997
0.0002839088	0.9997161
0.0004773836	0.9995226
4.338452e-06	0.9999957
1.66961e-05	0.9999833
5.392017e-06	0.9999946
2.353706e-05	0.9999765
1.21121e-08	1
4.81411e-06	0.9999952
2.259846e-26	1
2.195319e-10	1
0.000888154	0.9991118
0.03339407	0.9666059
0.001312491	0.9986875
4.723431e-05	0.9999528
1.927456e-10	1
0.0002388863	0.9997611
1.469451e-06	0.9999985
3.234829e-05	0.9999677
8.133778e-20	1
0.004131867	0.9958681
0.0001086884	0.9998913
0.0004080922	0.9995919
3.213692e-06	0.9999968
1.723362e-06	0.9999983
1.599552e-10	1
0.002124093	0.9978759
1.653989e-10	1
1.028829e-12	1
1.902955e-17	1
0.001239861	0.9987601
2.055161e-10	1
0.0003948488	0.9996052
0.0002620058	0.999738
1.475433e-18	1
4.709588e-05	0.9999529
9.192874e-05	0.9999081
0.0004503222	0.9995497
2.031334e-32	1
0.0002554137	0.9997446
0.002728986	0.997271
0.002790646	0.9972094
1.470948e-07	0.9999999
0.02533112	0.9746689
0.01069494	0.9893051
0.007764879	0.9922351
2.826039e-09	1
0.0003180073	0.999682
1.495061e-12	1
0.0005157823	0.9994842
1.872098e-06	0.9999981
0.0001436386	0.9998564
0.002381593	0.9976184
0.0002909815	0.999709
1.197202e-07	0.9999999
1.886256e-07	0.9999998
9.347645e-07	0.9999991
1.073491e-07	0.9999999
0.00066118	0.9993388
6.930562e-07	0.9999993
0.001891826	0.9981082
4.440045e-08	1
6.20636e-05	0.9999379
0.0003493972	0.9996506
0.003272482	0.9967275
5.536535e-06	0.9999945
0.0003031717	0.9996968
4.604381e-09	1
0.000338391	0.9996616
6.117248e-06	0.9999939
0.004665316	0.9953347
1.400433e-08	1
0.0004262048	0.9995738
0.0003165135	0.9996835
5.037859e-08	0.9999999
6.720543e-07	0.9999993
2.078638e-74	1
5.006688e-46	1
0.0135781	0.9864219
0.0001983781	0.9998016
4.109809e-06	0.9999959
0.0007952845	0.9992047
3.793593e-07	0.9999996
4.970178e-07	0.9999995
7.539603e-06	0.9999925
8.202427e-06	0.9999918
0.0004073804	0.9995926
4.038159e-06	0.999996
1.124952e-11	1
3.051653e-07	0.9999997
1.664008e-05	0.9999834
6.873769e-09	1
3.914755e-05	0.9999609
0.0001985757	0.9998014
3.161707e-12	1
0.004284904	0.9957151
1.627178e-05	0.9999837
0.0001777295	0.9998223
0.0006601993	0.9993398
0.0007362053	0.9992638
0.02685027	0.9731497
3.869118e-06	0.9999961
0.001718181	0.9982818
0.0003400403	0.99966
3.041787e-08	1
0.0004462208	0.9995538
0.0001012479	0.9998988
0.03817699	0.961823
1.712719e-07	0.9999998
0.0005128897	0.9994871
0.0001081732	0.9998918
3.339231e-05	0.9999666
7.003082e-05	0.99993
0.0005311346	0.9994689
0.000274147	0.9997259
3.465721e-06	0.9999965
0.0005794653	0.9994205
1.630935e-10	1
0.00241584	0.9975842
0.007025166	0.9929748
0.00281112	0.9971889
2.408893e-10	1
0.002335803	0.9976642
0.001143948	0.9988561
0.01103029	0.9889697
0.001490053	0.9985099
0.002546828	0.9974532
0.0001720844	0.9998279
2.56593e-05	0.9999743
8.300668e-08	0.9999999
0.0001107867	0.9998892
1.301676e-05	0.999987
1.705057e-07	0.9999998
4.773062e-06	0.9999952
6.053201e-23	1
0.0006653316	0.9993347
0.001706993	0.998293
8.458086e-08	0.9999999
4.314323e-07	0.9999996
0.001056737	0.9989433
1.012642e-05	0.9999899
0.01101233	0.9889877
0.0003990143	0.999601
3.441027e-06	0.9999966
2.302689e-20	1
9.367302e-05	0.9999063
0.02352463	0.9764754
0.02730947	0.9726905
0.0006679039	0.9993321
0.00144028	0.9985597
6.645521e-31	1
1.658256e-08	1
5.036753e-17	1
3.92495e-07	0.9999996
0.002920522	0.9970795
8.058577e-05	0.9999194
0.00360005	0.9964
0.002800026	0.9972
0.01808139	0.9819186
2.000912e-09	1
0.000171195	0.9998288
0.00797824	0.9920218
0.0003915277	0.9996085
2.796892e-06	0.9999972
6.405999e-10	1
3.17783e-05	0.9999682
1.18642e-05	0.9999881
4.669345e-06	0.9999953
0.0002480092	0.999752
8.726644e-22	1
6.046745e-05	0.9999395
0.01053038	0.9894696
0.0009157986	0.9990842
1.714423e-08	1
5.594919e-06	0.9999944
3.929693e-05	0.9999607
1.531319e-08	1
6.995963e-05	0.99993
5.729592e-06	0.9999943
3.10127e-06	0.9999969
3.490362e-14	1
1.927241e-21	1
0.0003909838	0.999609
7.027949e-05	0.9999297
0.008478342	0.9915217
0.004371328	0.9956287
3.86825e-05	0.9999613
1.523701e-09	1
6.200454e-05	0.999938
0.006229649	0.9937704
0.0003797083	0.9996203
2.322354e-06	0.9999977
0.0003544504	0.9996455
4.661973e-06	0.9999953
1.420402e-05	0.9999858
0.001629192	0.9983708
0.0001668765	0.9998331
1.712482e-08	1
0.002287158	0.9977128
0.000327725	0.9996723
0.000225984	0.999774
5.803646e-16	1
0.009298205	0.9907018
0.0009310733	0.9990689
4.774736e-05	0.9999523
5.809676e-05	0.9999419
0.0005640506	0.9994359
2.734662e-26	1
0.0286558	0.9713442
5.710223e-13	1
1.191997e-05	0.9999881
0.0001900503	0.9998099
1.012251e-14	1
0.0001384528	0.9998615
5.477595e-05	0.9999452
1.04298e-05	0.9999896
2.369447e-08	1
0.0002704665	0.9997295
0.0001351959	0.9998648
1.980571e-13	1
0.000379267	0.9996207
0.00714156	0.9928584
3.235402e-07	0.9999997
4.079248e-08	1
2.305859e-06	0.9999977
7.698547e-05	0.999923
0.0007544639	0.9992455
0.002348298	0.9976517
2.311958e-05	0.9999769
2.791617e-15	1
0.0003591318	0.9996409
0.0001804979	0.9998195
0.003503482	0.9964965
0.001420239	0.9985798
0.0131933	0.9868067
1.448537e-05	0.9999855
1.056143e-05	0.9999894
3.80977e-08	1
3.372729e-06	0.9999966
1.107502e-05	0.9999889
4.314964e-06	0.9999957
0.007073391	0.9929266
0.01010315	0.9898968
1.432359e-08	1
0.0003521329	0.9996479
4.010849e-08	1
2.944622e-06	0.9999971
7.229665e-13	1
0.0007093872	0.9992906
4.367201e-06	0.9999956
1.269064e-07	0.9999999
0.01767104	0.982329
1.05266e-05	0.9999895
3.2731e-05	0.9999673
0.0001216036	0.9998784
1.717531e-05	0.9999828
1.037087e-05	0.9999896
1.415218e-05	0.9999858
0.001898232	0.9981018
2.304837e-14	1
3.413e-09	1
3.62859e-06	0.9999964
0.001943158	0.9980568
0.0001128749	0.9998871
0.0002191897	0.9997808
0.0005691364	0.9994309
0.01531054	0.9846895
9.68664e-09	1
6.41896e-18	1
1.95065e-06	0.999998
2.259846e-26	1
0.01055993	0.9894401
1.342852e-08	1
5.224919e-06	0.9999948
2.95741e-05	0.9999704
0.0002463174	0.9997537
1.052174e-20	1
4.087469e-06	0.9999959
5.335653e-07	0.9999995
0.001266897	0.9987331
6.409558e-09	1
3.877127e-06	0.9999961
8.983672e-11	1
8.015458e-10	1
0.01128484	0.9887152
2.191351e-06	0.9999978
0.007413008	0.992587
2.072898e-21	1
0.0003262152	0.9996738
0.03381662	0.9661834
6.070722e-05	0.9999393
0.0004977234	0.9995023
3.100954e-13	1
6.023906e-16	1
0.006236959	0.993763
6.379695e-06	0.9999936
0.00181679	0.9981832
0.0006143254	0.9993857
0.001439402	0.9985606
2.423549e-07	0.9999998
7.032416e-06	0.999993
0.0009293828	0.9990706
0.0001519957	0.999848
0.001719798	0.9982802
0.0002918795	0.9997081
7.131034e-12	1
0.0001202663	0.9998797
0.001374289	0.9986257
4.217796e-06	0.9999958
0.005263286	0.9947367
0.0001259696	0.999874
6.05444e-33	1
0.01172233	0.9882777
0.000442044	0.999558
1.220357e-05	0.9999878
0.001690036	0.99831
1.932234e-17	1
4.264531e-10	1
5.207181e-06	0.9999948
0.003756653	0.9962433
3.973238e-05	0.9999603
7.413343e-15	1
0.0001888249	0.9998112
1.771977e-07	0.9999998
0.0007035869	0.9992964
1.436558e-21	1
2.765355e-07	0.9999997
6.472712e-11	1
8.82425e-05	0.9999118
9.481082e-06	0.9999905
4.977343e-07	0.9999995
1.456631e-06	0.9999985
1.796472e-05	0.999982
2.21593e-05	0.9999778
2.012991e-24	1
5.696533e-07	0.9999994
6.079766e-05	0.9999392
0.005024839	0.9949752
0.001285759	0.9987142
1.810925e-05	0.9999819
9.121632e-12	1
0.00146244	0.9985376
0.0001065428	0.9998935
0.001151478	0.9988485
0.0001118096	0.9998882
7.110894e-08	0.9999999
1.351889e-06	0.9999986
8.081023e-11	1
0.0006931665	0.9993068
1.780679e-07	0.9999998
5.172865e-10	1
0.0001278014	0.9998722
0.000298467	0.9997015
0.006564474	0.9934355
9.053045e-11	1
0.002351998	0.997648
0.0001795381	0.9998205
0.0008841713	0.9991158
0.003692139	0.9963079
9.433219e-12	1
0.0007022663	0.9992977
0.0003719665	0.999628
8.514718e-10	1
0.0001127618	0.9998872
2.587423e-07	0.9999997
1.585417e-05	0.9999841
0.001563369	0.9984366
1.004005e-06	0.999999
1.545287e-06	0.9999985
6.076635e-05	0.9999392
0.0008988847	0.9991011
4.446844e-05	0.9999555
1.765465e-10	1
4.501316e-07	0.9999995
0.001440361	0.9985596
0.006525319	0.9934747
5.373892e-08	0.9999999
4.944478e-09	1
4.54027e-05	0.9999546
8.807058e-30	1
5.83445e-66	1
2.211114e-06	0.9999978
1.112079e-06	0.9999989
0.0001233001	0.9998767
3.678086e-06	0.9999963
0.02129504	0.978705
0.0001009187	0.9998991
3.574371e-11	1
1.959282e-06	0.999998
0.0005374822	0.9994625
0.0005180872	0.9994819
3.270825e-08	1
0.000864302	0.9991357
0.0006098773	0.9993901
1.260623e-10	1
1.780822e-18	1
0.0004768936	0.9995231
5.061314e-08	0.9999999
9.02128e-10	1
0.01233483	0.9876652
0.001152132	0.9988479
3.337106e-38	1
7.863808e-07	0.9999992
0.001628066	0.9983719
2.357e-05	0.9999764
0.002636164	0.9973638
0.00808472	0.9919153
3.733228e-05	0.9999627
2.383185e-05	0.9999762
6.591662e-10	1
0.0002745251	0.9997255
8.041458e-05	0.9999196
7.659277e-05	0.9999234
0.001394475	0.9986055
4.038053e-12	1
3.240477e-06	0.9999968
0.006504775	0.9934952
0.002195488	0.9978045
0.009613437	0.9903866
2.042705e-06	0.999998
0.004839401	0.9951606
9.89099e-07	0.999999
0.002620428	0.9973796
1.059036e-05	0.9999894
0.0002486736	0.9997513
7.065654e-10	1
0.001466618	0.9985334
2.016838e-05	0.9999798
0.0008467772	0.9991532
0.0001092597	0.9998907
0.0003448572	0.9996551
0.001023189	0.9989768
0.000238175	0.9997618
0.03715005	0.9628499
1.722767e-06	0.9999983
2.512904e-08	1
5.47535e-08	0.9999999
0.001117358	0.9988826
0.000160943	0.9998391
0.004855437	0.9951446
9.365565e-05	0.9999063
0.0002643994	0.9997356
0.0008514989	0.9991485
3.885178e-05	0.9999611
1.372992e-14	1
0.007692621	0.9923074
5.296126e-29	1
8.636776e-07	0.9999991
0.0006392899	0.9993607
0.0007755237	0.9992245
0.000443208	0.9995568
0.0001359529	0.999864
2.826039e-09	1
0.002048959	0.997951
9.538445e-07	0.999999
0.0002018622	0.9997981
0.0001497255	0.9998503
7.10094e-16	1
0.0002610276	0.999739
0.0004744006	0.9995256
7.565625e-06	0.9999924
0.003062146	0.9969379
0.001340764	0.9986592
0.01273199	0.987268
9.856422e-10	1
8.873365e-05	0.9999113
3.441383e-09	1
0.0004368739	0.9995631
0.0002163815	0.9997836
0.0004196136	0.9995804
0.001700971	0.998299
0.002591002	0.997409
0.001125985	0.998874
2.684564e-14	1
7.816732e-05	0.9999218
0.000117276	0.9998827
3.722785e-05	0.9999628
0.0001411157	0.9998589
9.796615e-06	0.9999902
0.008883193	0.9911168
0.0003888104	0.9996112
0.0002652433	0.9997348
0.0001565025	0.9998435
0.0003169104	0.9996831
0.002686977	0.997313
3.527826e-05	0.9999647
3.880615e-05	0.9999612
3.58897e-06	0.9999964
4.338277e-12	1
2.860779e-08	1
0.0001525298	0.9998475
0.001273009	0.998727
0.0002691391	0.9997309
3.874642e-10	1
4.90854e-10	1
4.863204e-06	0.9999951
0.00558829	0.9944117
0.006621455	0.9933785
2.049511e-06	0.999998
3.242482e-05	0.9999676
5.688154e-09	1
1.241245e-14	1
0.002667446	0.9973326
7.084715e-10	1
1.738173e-10	1
0.003784049	0.996216
2.458458e-11	1
1.605921e-06	0.9999984
0.0004135405	0.9995865
0.0003613693	0.9996386
0.0002628807	0.9997371
2.417454e-05	0.9999758
0.01940286	0.9805971
0.0002400137	0.99976
0.005519646	0.9944804
0.0001208856	0.9998791
1.468571e-07	0.9999999
0.0003400438	0.99966
0.001108916	0.9988911
0.0001242569	0.9998757
1.886496e-06	0.9999981
0.0003076983	0.9996923
0.003235125	0.9967649
3.005031e-06	0.999997
0.0005420021	0.999458
0.001339431	0.9986606
4.909075e-05	0.9999509
0.001127124	0.9988729
0.0001080944	0.9998919
0.0001041843	0.9998958
6.747724e-09	1
0.0001600233	0.99984
4.072168e-14	1
7.868945e-06	0.9999921
0.002640147	0.9973599
0.003910446	0.9960896
0.0006556971	0.9993443
4.504932e-07	0.9999995
5.192925e-05	0.9999481
0.01175559	0.9882444
3.180191e-15	1
1.590846e-36	1
0.0001371315	0.9998629
0.002455939	0.9975441
9.608543e-05	0.9999039
2.155602e-07	0.9999998
4.449355e-06	0.9999956
0.005738816	0.9942612
0.001161528	0.9988385
0.0004034581	0.9995965
1.271036e-05	0.9999873
0.0003477077	0.9996523
2.239486e-09	1
0.000175659	0.9998243
3.283631e-16	1
1.809981e-19	1
1.753522e-10	1
4.30916e-07	0.9999996
6.470909e-05	0.9999353
0.0002137522	0.9997862
1.043824e-05	0.9999896
0.004126139	0.9958739
6.16921e-08	0.9999999
1.534301e-05	0.9999847
2.408893e-10	1
0.0009752128	0.9990248
0.000117131	0.9998829
0.0001695627	0.9998304
0.0002990581	0.9997009
3.687874e-06	0.9999963
3.407039e-05	0.9999659
0.003591879	0.9964081
8.181887e-24	1
9.37115e-19	1
2.40677e-05	0.9999759
0.0001353604	0.9998646
0.0003357211	0.9996643
0.00542885	0.9945711
5.817831e-05	0.9999418
0.0001084867	0.9998915
1.947715e-05	0.9999805
1.521607e-07	0.9999998
2.516196e-08	1
2.337936e-15	1
2.884651e-05	0.9999712
0.001493612	0.9985064
2.195319e-10	1
4.338811e-05	0.9999566
3.720102e-28	1
9.534305e-05	0.9999047
1.980571e-13	1
0.0001054266	0.9998946
0.0005022265	0.9994978
3.357414e-07	0.9999997
1.468857e-05	0.9999853
3.475262e-05	0.9999652
8.286102e-08	0.9999999
0.0005784762	0.9994215
2.6214e-05	0.9999738
1.380107e-12	1
0.003517964	0.996482
9.442976e-09	1
2.443341e-10	1
0.002870007	0.99713
0.00124567	0.9987543
3.870269e-05	0.9999613
0.0003391561	0.9996608
7.137917e-06	0.9999929
3.413e-09	1
3.319584e-06	0.9999967
1.181537e-07	0.9999999
6.106254e-05	0.9999389
0.01393841	0.9860616
3.895281e-07	0.9999996
1.874234e-07	0.9999998
6.3454e-06	0.9999937
1.927456e-10	1
6.10945e-05	0.9999389
0.002731892	0.9972681
0.0002017649	0.9997982
0.009806604	0.9901934
0.002896644	0.9971034
0.0005467874	0.9994532
0.002225766	0.9977742
6.12333e-05	0.9999388
3.740957e-05	0.9999626
1.359211e-05	0.9999864
5.365831e-09	1
1.7255e-05	0.9999827
9.383068e-08	0.9999999
0.005546008	0.994454
9.897545e-08	0.9999999
1.299261e-12	1
2.35091e-06	0.9999976
9.762165e-13	1
0.002206936	0.9977931
9.656e-05	0.9999034
0.003376537	0.9966235
6.451488e-05	0.9999355
0.0008311185	0.9991689
0.0001000761	0.9998999
6.867685e-05	0.9999313
0.008280249	0.9917198
0.001114852	0.9988851
0.0003368102	0.9996632
7.675367e-06	0.9999923
0.004258534	0.9957415
0.001213293	0.9987867
1.521607e-07	0.9999998
0.0005036791	0.9994963
0.0002468527	0.9997531
1.000515e-08	1
0.0001021803	0.9998978
0.02110673	0.9788933
7.386319e-05	0.9999261
0.001309904	0.9986901
1.230372e-08	1
3.538779e-05	0.9999646
8.596796e-09	1
0.0005205688	0.9994794
0.0009864893	0.9990135
8.125724e-06	0.9999919
0.01630316	0.9836968
0.006070672	0.9939293
1.732558e-14	1
0.01366743	0.9863326
0.001909595	0.9980904
0.00018668	0.9998133
1.388976e-08	1
3.232535e-05	0.9999677
0.0001986444	0.9998014
6.999468e-06	0.999993
1.210022e-06	0.9999988
0.002321029	0.997679
0.0002323926	0.9997676
0.002574449	0.9974256
3.223372e-05	0.9999678
0.0002151834	0.9997848
2.561781e-06	0.9999974
2.032355e-13	1
1.695608e-09	1
1.945872e-05	0.9999805
1.894037e-10	1
0.001966741	0.9980333
3.075137e-12	1
0.0001860689	0.9998139
0.04873933	0.9512607
0.0003948674	0.9996051
0.001348479	0.9986515
3.473355e-05	0.9999653
6.447665e-20	1
1.649467e-08	1
6.47707e-11	1
0.0004714228	0.9995286
4.390511e-07	0.9999996
5.290605e-07	0.9999995
1.002535e-05	0.99999
0.0008539289	0.9991461
9.021458e-05	0.9999098
0.0003277969	0.9996722
6.700421e-05	0.999933
0.0006310276	0.999369
5.397806e-06	0.9999946
0.0006500512	0.9993499
7.100771e-06	0.9999929
0.03866582	0.9613342
0.001423863	0.9985761
0.0008722076	0.9991278
3.627257e-05	0.9999637
0.0001431522	0.9998568
4.034878e-05	0.9999597
2.243049e-10	1
0.003332047	0.996668
2.572243e-07	0.9999997
2.835318e-05	0.9999716
0.003170906	0.9968291
0.0001573374	0.9998427
6.372129e-10	1
6.433602e-08	0.9999999
0.0003011992	0.9996988
5.117037e-05	0.9999488
0.0031861	0.9968139
6.45426e-05	0.9999355
7.197745e-07	0.9999993
0.001119304	0.9988807
1.383612e-08	1
8.82529e-13	1
0.00226341	0.9977366
1.453233e-09	1
2.683334e-07	0.9999997
0.001041852	0.9989581
3.152391e-10	1
3.413042e-10	1
6.214911e-06	0.9999938
1.372992e-14	1
0.0001519385	0.9998481
0.004372609	0.9956274
1.786219e-09	1
8.843292e-05	0.9999116
8.04173e-08	0.9999999
0.03945942	0.9605406
0.002250208	0.9977498
2.588874e-18	1
0.001936995	0.998063
2.839561e-12	1
0.008271242	0.9917288
0.0004002449	0.9995998
6.815858e-38	1
5.872378e-07	0.9999994
5.080975e-08	0.9999999
2.589153e-06	0.9999974
6.383425e-09	1
7.26553e-05	0.9999273
0.0001440409	0.999856
0.003683541	0.9963165
0.01133803	0.988662
0.0003357832	0.9996642
1.477876e-05	0.9999852
3.07919e-05	0.9999692
0.0002774759	0.9997225
0.001132592	0.9988674
0.004937902	0.9950621
4.528791e-09	1
0.006013777	0.9939862
0.002081773	0.9979182
0.0003795584	0.9996204
0.0008059732	0.999194
0.001171247	0.9988288
0.02289845	0.9771016
0.02448843	0.9755116
5.524398e-06	0.9999945
1.450883e-13	1
0.002390482	0.9976095
0.001636498	0.9983635
0.008513612	0.9914864
1.190003e-05	0.9999881
2.367126e-11	1
0.003604373	0.9963956
4.621257e-25	1
5.721848e-07	0.9999994
0.0873839	0.9126161
1.635153e-26	1
4.503707e-05	0.999955
6.429466e-06	0.9999936
6.862541e-05	0.9999314
0.0002372386	0.9997628
1.478415e-17	1
9.825152e-05	0.9999017
0.009318784	0.9906812
7.151317e-05	0.9999285
2.975333e-08	1
5.305745e-06	0.9999947
4.136129e-05	0.9999586
0.0002556697	0.9997443
6.628409e-06	0.9999934
0.0004633919	0.9995366
6.883527e-08	0.9999999
1.828276e-05	0.9999817
5.16282e-06	0.9999948
0.0006447803	0.9993552
2.71599e-10	1
0.0009558757	0.9990441
7.335198e-05	0.9999266
0.01299708	0.9870029
0.0001309278	0.9998691
1.69256e-05	0.9999831
0.003886075	0.9961139
0.0002854727	0.9997145
7.516417e-14	1
0.0004438792	0.9995561
2.252125e-16	1
0.00192454	0.9980755
1.199407e-06	0.9999988
0.0004853063	0.9995147
0.003588279	0.9964117
5.532917e-06	0.9999945
0.0002098789	0.9997901
2.353484e-06	0.9999976
1.569465e-16	1
0.004082064	0.9959179
0.0004796388	0.9995204
5.82737e-07	0.9999994
4.49583e-19	1
1.339959e-07	0.9999999
0.001721913	0.9982781
9.531871e-08	0.9999999
0.0005789335	0.9994211
0.002037106	0.9979629
4.360539e-05	0.9999564
8.672107e-26	1
7.413563e-05	0.9999259
0.007915031	0.992085
0.001052472	0.9989475
3.472841e-30	1
2.171734e-05	0.9999783
5.967808e-07	0.9999994
5.790997e-05	0.9999421
0.0007212367	0.9992788
9.737292e-05	0.9999026
2.340727e-05	0.9999766
0.0001673736	0.9998326
6.661201e-07	0.9999993
9.919382e-05	0.9999008
0.0003973319	0.9996027
8.778906e-05	0.9999122
0.01124617	0.9887538
0.0002154877	0.9997845
3.063754e-05	0.9999694
1.95107e-09	1
0.004138526	0.9958615
0.001054464	0.9989455
1.451973e-17	1
2.695165e-08	1
0.0003944085	0.9996056
2.816964e-06	0.9999972
0.0005228384	0.9994772
6.286478e-14	1
3.452246e-11	1
3.595684e-06	0.9999964
0.006032444	0.9939676
0.006320649	0.9936794
0.000141488	0.9998585
0.0007500402	0.99925
0.000723436	0.9992766
2.087952e-12	1
3.979996e-10	1
0.002096488	0.9979035
4.072644e-07	0.9999996
0.0002884105	0.9997116
0.0001260827	0.9998739
0.00043252	0.9995675
1.891197e-05	0.9999811
6.815954e-16	1
3.059198e-07	0.9999997
8.882412e-15	1
1.892795e-08	1
8.439786e-13	1
3.343692e-10	1
0.01968187	0.9803181
2.605406e-06	0.9999974
2.302422e-06	0.9999977
1.402667e-13	1
6.096797e-05	0.999939
0.003985262	0.9960147
0.0004515837	0.9995484
0.003612589	0.9963874
0.0001219918	0.999878
0.0003652717	0.9996347
0.0008015851	0.9991984
1.892502e-05	0.9999811
0.0002670672	0.9997329
4.020888e-05	0.9999598
0.002461096	0.9975389
0.0003311339	0.9996689
3.109574e-05	0.9999689
0.003367929	0.9966321
5.816015e-06	0.9999942
2.729462e-10	1
8.104744e-10	1
0.0004599495	0.9995401
4.35901e-09	1
0.0001506126	0.9998494
0.0001377445	0.9998623
0.0004661599	0.9995338
2.012565e-05	0.9999799
0.0001836088	0.9998164
4.050001e-07	0.9999996
6.523581e-05	0.9999348
4.499919e-05	0.999955
0.000914342	0.9990857
2.37545e-06	0.9999976
3.638979e-16	1
0.02237996	0.97762
1.585765e-05	0.9999841
7.621685e-08	0.9999999
1.496067e-05	0.999985
0.008403036	0.991597
0.04915288	0.9508471
8.286143e-05	0.9999171
0.001084277	0.9989157
3.149277e-05	0.9999685
0.0007266533	0.9992733
0.005669103	0.9943309
0.01520904	0.984791
0.004375176	0.9956248
0.0006336841	0.9993663
1.023669e-07	0.9999999
2.381897e-05	0.9999762
0.00170173	0.9982983
0.000138089	0.9998619
5.392011e-15	1
0.0008571758	0.9991428
8.4749e-05	0.9999153
9.862495e-09	1
1.047616e-05	0.9999895
5.47908e-09	1
0.000105846	0.9998942
3.683334e-05	0.9999632
2.451231e-10	1
0.007078623	0.9929214
0.0002101178	0.9997899
0.000119982	0.99988
2.904573e-06	0.9999971
