generation,rank_1,rank_2,swapAccepted
1000,1,2,1
2000,2,3,1
3000,1,2,1
4000,1,3,1
5000,1,2,1
6000,1,4,1
7000,1,3,1
8000,1,2,1
9000,2,4,1
10000,2,3,1
11000,1,3,1
12000,1,4,1
13000,2,3,1
14000,2,4,1
15000,1,2,1
16000,1,4,1
17000,3,4,0
18000,1,3,1
19000,1,3,0
20000,1,2,1
21000,1,4,0
22000,1,4,1
23000,2,4,1
24000,1,2,1
25000,1,3,1
26000,3,4,0
27000,1,2,1
28000,1,3,0
29000,1,3,1
30000,2,4,0
31000,2,4,0
32000,1,4,1
33000,2,3,0
34000,1,3,1
35000,1,4,0
36000,1,4,0
37000,3,4,1
38000,1,3,0
39000,1,2,1
40000,3,4,1
41000,1,4,0
42000,1,2,1
43000,1,3,0
44000,3,4,0
45000,3,4,0
46000,1,4,0
47000,2,4,0
48000,1,4,0
49000,3,4,0
50000,2,4,0
51000,3,4,0
52000,3,4,0
53000,1,4,0
54000,2,4,0
55000,1,3,1
56000,1,2,0
57000,1,3,1
58000,3,4,1
59000,2,4,1
60000,1,4,1
61000,2,4,0
62000,1,3,1
63000,1,2,1
64000,2,4,0
65000,2,4,0
66000,2,3,1
67000,2,3,1
68000,1,4,0
69000,2,3,1
70000,3,4,0
71000,1,2,1
72000,1,3,1
73000,1,2,1
74000,1,3,0
75000,1,2,0
76000,2,4,0
77000,1,2,0
78000,1,4,0
79000,1,3,1
80000,2,3,1
81000,3,4,1
82000,1,2,1
83000,1,3,1
84000,1,2,1
85000,1,2,1
86000,1,3,1
87000,3,4,0
88000,1,2,0
89000,1,2,0
90000,1,2,0
91000,1,2,1
92000,2,3,1
93000,1,2,0
94000,2,3,1
95000,2,4,1
96000,1,3,1
97000,1,3,0
98000,2,3,1
99000,2,3,1
100000,2,4,1
101000,1,4,0
102000,2,4,1
103000,3,4,1
104000,2,3,1
105000,2,4,1
106000,1,4,1
107000,1,2,0
108000,3,4,1
109000,1,2,0
110000,1,4,1
111000,3,4,1
112000,2,3,1
113000,2,3,0
114000,3,4,1
115000,2,4,0
116000,2,4,0
117000,2,4,0
118000,2,4,0
119000,1,3,1
120000,1,2,1
121000,1,2,0
122000,1,4,0
123000,1,2,1
124000,1,3,1
125000,2,3,0
126000,2,3,0
127000,1,3,0
128000,2,3,0
129000,1,3,0
130000,2,4,0
131000,1,4,0
132000,3,4,1
133000,1,3,0
134000,1,4,1
135000,2,4,0
136000,1,3,1
137000,1,3,0
138000,1,2,1
139000,2,3,1
140000,1,2,1
141000,3,4,1
142000,1,4,0
143000,3,4,1
144000,1,2,1
145000,2,4,1
146000,2,4,1
147000,2,3,0
148000,3,4,1
149000,1,4,0
150000,1,2,1
151000,2,4,1
152000,2,4,1
153000,1,2,1
154000,1,2,0
155000,2,3,1
156000,2,3,1
157000,1,4,0
158000,1,2,1
159000,3,4,1
160000,1,3,0
161000,1,4,0
162000,1,2,1
163000,2,4,0
164000,2,4,1
165000,1,4,0
166000,3,4,1
167000,1,2,0
168000,2,4,1
169000,1,4,0
170000,1,2,0
171000,1,2,0
172000,2,4,1
173000,1,2,0
174000,3,4,1
175000,1,2,0
176000,1,3,0
177000,2,3,0
178000,2,4,0
179000,2,3,1
180000,3,4,1
181000,2,3,1
182000,2,3,1
183000,1,3,1
184000,3,4,0
185000,1,3,0
186000,1,2,1
187000,2,3,1
188000,1,4,0
189000,2,4,0
190000,1,2,1
191000,1,2,1
192000,3,4,0
193000,3,4,1
194000,2,4,0
195000,1,2,1
196000,1,2,0
197000,3,4,1
198000,2,4,1
199000,2,4,1
200000,2,4,0
201000,1,2,0
202000,2,3,1
203000,1,3,0
204000,2,4,1
205000,2,3,0
206000,1,2,1
207000,1,3,1
208000,2,3,1
209000,1,3,1
210000,1,3,1
211000,2,3,1
212000,1,2,1
213000,2,4,0
214000,1,3,0
215000,1,2,1
216000,2,3,1
217000,2,3,1
218000,3,4,1
219000,1,4,0
220000,1,2,1
221000,1,2,1
222000,3,4,1
223000,2,4,0
224000,1,3,0
225000,2,3,1
226000,3,4,1
227000,1,4,0
228000,2,4,0
229000,1,2,0
230000,3,4,1
231000,3,4,1
232000,2,3,0
233000,3,4,0
234000,2,4,1
235000,2,3,1
236000,1,3,0
237000,1,4,1
238000,2,4,1
239000,2,3,1
240000,1,2,1
241000,1,2,0
242000,2,4,0
243000,1,4,0
244000,3,4,1
245000,1,4,0
246000,2,4,1
247000,1,4,0
248000,2,3,1
249000,2,3,1
250000,2,4,0
251000,3,4,1
252000,2,4,0
253000,1,4,0
254000,1,4,0
255000,2,3,0
256000,1,2,1
257000,1,3,0
258000,1,4,0
259000,2,3,0
260000,3,4,0
261000,1,3,1
262000,1,3,1
263000,1,3,0
264000,1,2,1
265000,2,4,0
266000,1,4,0
267000,1,3,0
268000,2,3,0
269000,1,3,0
270000,2,4,0
271000,1,4,0
272000,2,4,1
273000,1,2,0
274000,1,3,1
275000,3,4,0
276000,1,3,1
277000,1,3,1
278000,2,4,1
279000,2,4,0
280000,1,2,1
281000,2,3,1
282000,1,3,1
283000,2,3,0
284000,2,3,1
285000,3,4,0
286000,1,4,1
287000,1,3,0
288000,3,4,1
289000,2,3,1
290000,1,3,0
291000,1,3,1
292000,1,3,1
293000,1,3,1
294000,1,2,0
295000,2,4,1
296000,2,3,0
297000,2,4,1
298000,1,2,0
299000,1,4,0
300000,1,4,1
301000,2,4,1
302000,1,4,0
303000,1,2,0
304000,1,3,1
305000,1,2,1
306000,3,4,0
307000,1,3,0
308000,1,4,0
309000,1,3,1
310000,3,4,1
311000,1,3,0
312000,2,3,1
313000,1,3,0
314000,3,4,0
315000,1,3,0
316000,2,4,1
317000,1,3,0
318000,2,4,1
319000,1,4,0
320000,3,4,1
321000,1,3,0
322000,1,2,1
323000,2,4,0
324000,1,4,0
325000,1,3,0
326000,1,2,1
327000,1,4,0
328000,2,3,1
329000,1,2,1
330000,2,3,1
331000,1,4,1
332000,1,2,1
333000,1,4,0
334000,3,4,1
335000,1,2,1
336000,1,2,1
337000,2,4,1
338000,2,4,1
339000,1,2,0
340000,2,4,1
341000,1,2,1
342000,1,2,0
343000,1,3,0
344000,3,4,1
345000,2,4,0
346000,2,4,0
347000,2,4,0
348000,3,4,1
349000,2,3,1
350000,2,3,1
351000,1,3,0
352000,2,4,0
353000,1,3,0
354000,3,4,1
355000,2,4,1
356000,3,4,1
357000,3,4,0
358000,1,3,0
359000,1,4,1
360000,1,3,1
361000,1,3,1
362000,2,3,1
363000,1,4,0
364000,1,3,0
365000,2,4,1
366000,1,3,1
367000,1,4,1
368000,1,2,1
369000,3,4,0
370000,1,3,1
371000,2,4,1
372000,1,2,1
373000,1,3,1
374000,1,3,0
375000,2,3,1
376000,1,2,1
377000,1,2,1
378000,2,4,0
379000,1,4,1
380000,1,4,1
381000,1,3,0
382000,1,4,0
383000,2,3,1
384000,2,4,1
385000,3,4,1
386000,3,4,1
387000,2,4,0
388000,1,4,0
389000,1,3,1
390000,3,4,1
391000,3,4,1
392000,1,2,1
393000,2,3,1
394000,1,2,1
395000,1,4,0
396000,2,3,1
397000,1,3,1
398000,3,4,1
399000,3,4,1
400000,1,2,1
401000,1,2,1
402000,1,2,0
403000,1,3,1
404000,1,2,1
405000,1,2,1
406000,1,3,0
407000,2,3,1
408000,1,3,0
409000,2,3,0
410000,3,4,0
411000,2,3,1
412000,1,3,0
413000,1,3,0
414000,1,3,1
415000,2,4,1
416000,2,3,1
417000,2,4,1
418000,2,3,0
419000,3,4,1
420000,2,4,1
421000,2,4,1
422000,1,3,1
423000,2,4,0
424000,3,4,1
425000,2,4,0
426000,1,2,0
427000,1,4,0
428000,2,3,0
429000,1,2,1
430000,2,3,1
431000,2,4,1
432000,1,2,0
433000,1,2,0
434000,3,4,1
435000,3,4,1
436000,2,4,1
437000,1,4,0
438000,2,3,1
439000,1,4,0
440000,3,4,1
441000,1,2,1
442000,2,4,0
443000,2,4,0
444000,3,4,1
445000,2,4,0
446000,2,4,0
447000,3,4,1
448000,1,2,0
449000,1,2,0
450000,1,3,1
451000,3,4,1
452000,1,3,1
453000,2,4,1
454000,1,3,1
455000,2,4,0
456000,2,3,1
457000,2,3,1
458000,1,3,0
459000,3,4,1
460000,2,3,1
461000,3,4,1
462000,2,4,0
463000,3,4,1
464000,2,4,1
465000,1,2,1
466000,2,4,1
467000,2,4,0
468000,2,3,0
469000,1,4,1
470000,1,3,1
471000,1,3,1
472000,2,3,0
473000,1,3,1
474000,2,4,1
475000,1,3,0
476000,1,2,0
477000,1,3,1
478000,1,4,1
479000,2,4,0
480000,2,4,1
481000,3,4,1
482000,2,3,0
483000,1,2,1
484000,2,3,1
485000,2,4,1
486000,2,4,0
487000,1,3,1
488000,1,3,0
489000,2,3,1
490000,1,2,0
491000,3,4,1
492000,3,4,1
493000,1,2,0
494000,2,3,1
495000,1,2,1
496000,3,4,0
497000,2,3,1
498000,3,4,1
499000,3,4,1
500000,1,3,0
501000,1,3,1
502000,1,2,1
503000,1,4,0
504000,2,3,1
505000,1,3,1
506000,1,3,0
507000,1,4,0
508000,1,2,1
509000,1,3,0
510000,1,4,1
511000,2,4,1
512000,1,2,1
513000,3,4,1
514000,1,2,1
515000,2,4,1
516000,3,4,1
517000,1,4,1
518000,2,4,1
519000,2,3,1
520000,1,2,0
521000,1,3,0
522000,1,2,1
523000,1,4,0
524000,1,3,0
525000,2,3,1
526000,3,4,1
527000,2,4,1
528000,1,3,1
529000,3,4,1
530000,2,4,0
531000,2,3,0
532000,3,4,1
533000,2,4,1
534000,1,3,1
535000,1,2,0
536000,1,3,0
537000,1,2,1
538000,2,3,0
539000,3,4,1
540000,2,3,1
541000,1,3,0
542000,2,4,1
543000,1,4,0
544000,1,3,1
545000,2,3,1
546000,1,2,1
547000,1,2,1
548000,2,4,1
549000,2,4,1
550000,1,3,0
551000,1,4,0
552000,1,2,1
553000,1,3,1
554000,1,3,1
555000,1,2,1
556000,3,4,1
557000,1,2,0
558000,1,3,1
559000,1,3,1
560000,3,4,1
561000,2,3,1
562000,2,3,1
563000,1,3,0
564000,1,4,0
565000,1,3,0
566000,2,3,0
567000,1,4,0
568000,1,3,0
569000,1,3,0
570000,1,3,0
571000,2,4,1
572000,2,3,1
573000,1,4,0
574000,1,4,0
575000,3,4,1
576000,2,4,1
577000,2,4,1
578000,1,4,0
579000,2,3,0
580000,1,2,1
581000,1,3,0
582000,1,4,1
583000,1,4,0
584000,1,2,0
585000,1,4,0
586000,2,3,1
587000,2,4,1
588000,1,3,1
589000,2,3,1
590000,3,4,1
591000,1,3,0
592000,1,4,0
593000,3,4,1
594000,1,2,0
595000,2,3,1
596000,1,4,1
597000,2,3,1
598000,2,4,1
599000,2,3,0
600000,1,3,1
601000,1,2,0
602000,2,3,1
603000,1,2,0
604000,1,3,0
605000,2,4,1
606000,2,4,1
607000,2,4,1
608000,3,4,1
609000,1,2,1
610000,1,3,0
611000,2,4,1
612000,2,3,1
613000,3,4,1
614000,3,4,1
615000,3,4,1
616000,1,2,0
617000,2,3,0
618000,1,2,1
619000,2,4,1
620000,1,2,1
621000,2,3,1
622000,1,2,0
623000,1,2,1
624000,1,3,0
625000,1,2,1
626000,2,4,1
627000,1,3,0
628000,2,4,0
629000,1,3,0
630000,1,4,1
631000,1,2,1
632000,1,3,0
633000,1,2,1
634000,2,4,1
635000,2,4,1
636000,1,4,0
637000,2,4,0
638000,2,3,1
639000,1,4,1
640000,2,3,1
641000,2,4,0
642000,3,4,1
643000,1,3,0
644000,2,3,0
645000,1,2,1
646000,2,4,0
647000,3,4,1
648000,1,2,1
649000,1,4,0
650000,3,4,1
651000,1,3,0
652000,2,4,0
653000,2,3,1
654000,1,4,1
655000,2,4,0
656000,2,3,1
657000,1,2,0
658000,1,4,1
659000,3,4,0
660000,2,4,1
661000,2,4,0
662000,1,3,0
663000,2,4,0
664000,1,3,1
665000,1,3,0
666000,1,2,1
667000,1,2,1
668000,1,2,1
669000,1,3,1
670000,1,4,0
671000,1,4,0
672000,3,4,1
673000,1,4,0
674000,3,4,1
675000,2,3,0
676000,1,4,0
677000,1,2,0
678000,2,3,1
679000,1,3,0
680000,2,4,1
681000,1,3,1
682000,2,3,1
683000,3,4,0
684000,2,4,0
685000,3,4,1
686000,2,3,0
687000,2,3,0
688000,3,4,1
689000,2,4,1
690000,1,3,0
691000,2,4,1
692000,2,3,1
693000,1,2,1
694000,1,4,0
695000,1,4,0
696000,2,4,1
697000,1,2,0
698000,2,3,1
699000,1,4,0
700000,3,4,1
701000,1,3,0
702000,3,4,1
703000,1,3,0
704000,3,4,1
705000,2,3,0
706000,2,3,0
707000,3,4,1
708000,1,3,0
709000,2,4,0
710000,2,4,0
711000,1,4,0
712000,1,2,1
713000,1,2,1
714000,2,3,0
715000,1,4,1
716000,2,4,1
717000,3,4,1
718000,2,4,1
719000,2,3,1
720000,1,2,1
721000,2,3,1
722000,1,3,0
723000,3,4,1
724000,3,4,1
725000,1,2,1
726000,3,4,1
727000,2,3,1
728000,1,3,1
729000,1,2,1
730000,1,3,0
731000,2,3,0
732000,2,4,0
733000,2,4,0
734000,1,3,1
735000,2,3,0
736000,1,4,0
737000,2,4,1
738000,2,3,1
739000,1,2,1
740000,2,3,1
741000,1,3,0
742000,2,4,1
743000,1,2,1
744000,1,4,0
745000,2,4,0
746000,2,3,1
747000,1,2,1
748000,2,4,1
749000,1,2,1
750000,1,4,1
751000,1,4,0
752000,1,2,1
753000,2,4,1
754000,1,2,1
755000,1,3,1
756000,1,4,1
757000,3,4,1
758000,1,3,0
759000,1,2,1
760000,1,4,0
761000,1,4,1
762000,1,3,1
763000,2,3,0
764000,2,4,0
765000,1,3,0
766000,2,4,0
767000,2,4,0
768000,2,4,0
769000,1,2,1
770000,2,4,0
771000,3,4,1
772000,2,4,0
773000,3,4,1
774000,3,4,1
775000,2,4,1
776000,2,4,1
777000,2,4,1
778000,1,4,0
779000,1,3,0
780000,1,4,1
781000,1,3,0
782000,1,2,0
783000,2,4,0
784000,1,4,0
785000,1,3,1
786000,3,4,1
787000,2,4,1
788000,2,3,1
789000,1,4,0
790000,1,3,1
791000,1,2,1
792000,1,2,0
793000,1,2,1
794000,2,3,1
795000,2,4,0
796000,3,4,1
797000,2,4,1
798000,3,4,1
799000,1,3,0
800000,1,4,1
801000,1,4,1
802000,1,3,1
803000,2,3,0
804000,2,4,1
805000,2,4,1
806000,2,4,1
807000,3,4,1
808000,2,3,1
809000,1,4,1
810000,2,4,1
811000,3,4,1
812000,1,3,1
813000,2,3,0
814000,1,2,1
815000,2,4,0
816000,1,2,1
817000,2,4,0
818000,1,3,0
819000,2,4,0
820000,2,3,1
821000,2,3,0
822000,3,4,1
823000,2,3,1
824000,2,4,1
825000,2,3,1
826000,2,4,1
827000,1,3,0
828000,1,4,0
829000,3,4,1
830000,1,4,0
831000,3,4,0
832000,1,3,0
833000,3,4,0
834000,1,2,1
835000,1,2,1
836000,3,4,1
837000,1,4,0
838000,1,3,1
839000,2,4,1
840000,2,3,1
841000,2,3,1
842000,1,2,1
843000,2,4,0
844000,2,3,1
845000,1,3,0
846000,2,4,0
847000,1,4,0
848000,2,4,0
849000,1,2,1
850000,1,2,0
851000,1,3,0
852000,1,4,0
853000,2,4,0
854000,1,2,1
855000,2,4,0
856000,3,4,0
857000,3,4,1
858000,1,2,1
859000,2,4,1
860000,1,2,0
861000,2,4,0
862000,2,4,1
863000,1,3,1
864000,1,3,1
865000,1,4,0
866000,3,4,0
867000,3,4,1
868000,1,2,1
869000,1,2,1
870000,3,4,1
871000,1,4,1
872000,1,3,0
873000,1,3,1
874000,1,4,1
875000,1,4,0
876000,2,4,0
877000,1,2,0
878000,2,4,0
879000,1,3,0
880000,1,4,1
881000,1,4,0
882000,2,3,1
883000,3,4,1
884000,1,4,0
885000,2,3,1
886000,2,4,1
887000,3,4,1
888000,3,4,1
889000,1,2,1
890000,1,4,1
891000,1,2,1
892000,1,2,1
893000,2,4,1
894000,3,4,1
895000,2,3,1
896000,1,4,0
897000,1,4,1
898000,1,4,1
899000,3,4,1
900000,1,2,1
901000,1,3,0
902000,1,3,0
903000,2,3,0
904000,1,2,0
905000,3,4,1
906000,3,4,1
907000,1,4,0
908000,1,3,0
909000,1,2,1
910000,1,3,0
911000,1,4,1
912000,1,3,1
913000,1,3,0
914000,3,4,1
915000,1,4,0
916000,2,3,1
917000,1,4,1
918000,2,3,1
919000,2,4,1
920000,2,3,1
921000,1,4,1
922000,1,3,1
923000,2,3,0
924000,2,3,1
925000,1,2,0
926000,2,3,1
927000,1,3,1
928000,2,3,1
929000,1,4,0
930000,1,3,1
931000,2,4,1
932000,2,4,1
933000,1,4,0
934000,1,3,1
935000,1,4,0
936000,3,4,1
937000,1,3,0
938000,2,4,1
939000,1,4,0
940000,1,4,0
941000,1,4,0
942000,1,2,0
943000,3,4,0
944000,2,3,1
945000,1,2,1
946000,1,3,1
947000,1,3,0
948000,3,4,1
949000,2,3,1
950000,1,3,1
951000,1,3,0
952000,2,4,1
953000,2,3,0
954000,2,4,0
955000,3,4,1
956000,3,4,1
957000,3,4,0
958000,3,4,0
959000,3,4,1
960000,3,4,1
961000,3,4,1
962000,1,3,0
963000,1,2,0
964000,1,4,1
965000,1,4,1
966000,1,3,0
967000,1,3,0
968000,1,2,1
969000,1,3,1
970000,2,3,0
971000,2,4,0
972000,1,2,1
973000,1,3,1
974000,1,2,1
975000,3,4,0
976000,1,2,1
977000,2,3,1
978000,1,2,1
979000,1,4,0
980000,1,3,0
981000,3,4,1
982000,2,3,1
983000,2,4,0
984000,2,3,0
985000,1,2,1
986000,2,4,1
987000,1,2,0
988000,2,3,1
989000,1,2,0
990000,1,2,0
991000,2,3,1
992000,1,3,1
993000,1,4,1
994000,2,3,1
995000,1,2,1
996000,1,2,1
997000,1,4,0
998000,3,4,1
999000,2,3,1
1000000,1,2,0
