generation,N_shifts,logPrior,logLik,eventRate,acceptRate
0,0,-2.18624,-741.043,1,1
1000,0,-1.02258,-432.344,0.0975865,0.43956
2000,0,-0.642721,-429.635,0.389379,0.412
3000,0,-1.8041,-428.425,1.66823,0.425858
4000,0,-1.39074,-429.436,1.30657,0.3215
5000,0,-1.62297,-428.735,1.54572,0.232
6000,1,-2.07592,-428.241,1.36317,0.333778
7000,0,-1.73336,-430.435,0.494539,0.2515
8000,0,-1.20408,-429.873,0.787186,0.24775
9000,0,0.00743692,-431.07,0.24124,0.195
10000,0,-0.437282,-428.731,0.146637,0.315
11000,0,-0.142099,-429.565,0.01332,0.262833
12000,0,-1.28315,-428.421,0.036793,0.2376
13000,0,-0.471652,-430.387,0.674398,0.211
14000,0,-2.08739,-428.779,0.323753,0.243
15000,0,-0.238097,-431.013,0.624125,0.2325
16000,0,-1.0408,-429.309,0.92868,0.203667
17000,0,-0.732323,-429.2,0.661043,0.181
18000,0,-1.13886,-428.949,1.11935,0.243917
19000,0,-0.00580079,-428.656,0.0827539,0.235
20000,1,0.0970242,-424.631,0.487687,0.2445
21000,1,-1.25381,-419.729,0.729958,0.401
22000,3,-5.49964,-417.597,2.99698,0.295
23000,3,-5.03301,-420.974,1.63676,0.516
24000,2,-7.74457,-420.922,1.42564,0.498667
25000,2,-3.83074,-410.765,0.852581,0.268
26000,2,-2.01783,-413.595,0.622663,0.428
27000,1,-0.998499,-419.373,0.908127,0.366
28000,2,-1.21218,-420.676,0.625886,0.406
29000,0,-0.372806,-431.362,0.359062,0.3174
30000,0,-0.548211,-430.491,0.0616301,0.154
31000,0,-0.263289,-430.36,0.191132,0.202
32000,1,-0.836174,-418.112,1.21721,0.222538
33000,2,-4.66999,-418.621,2.27307,0.433
34000,2,-9.56932,-398.542,3.19975,0.4635
35000,4,-2.9634,-388.176,1.73022,0.471
36000,3,-7.85865,-386.322,2.23861,0.479
37000,3,-1.52734,-388.827,0.785697,0.459
38000,3,-5.65252,-385.852,1.15951,0.478
39000,4,-7.55834,-384.076,1.37459,0.423615
40000,4,-5.64833,-387.89,0.889236,0.494
41000,5,-8.59323,-385.686,3.20336,0.499
42000,4,-6.08044,-390.187,1.55824,0.50925
43000,5,-10.0725,-383.905,6.61636,0.506
44000,5,-13.0867,-383.531,2.72248,0.465
45000,6,-14.9635,-388.913,5.12543,0.507
46000,4,-13.816,-389.751,5.08503,0.46
47000,3,-5.21332,-388.256,2.77712,0.484
48000,3,-5.24064,-389.412,1.20822,0.458
49000,4,-5.24614,-389.024,1.26405,0.446
50000,4,-7.54475,-398.303,0.55351,0.445
51000,3,-3.82913,-391.622,1.47935,0.448
52000,2,-1.19589,-394.371,1.25263,0.469
53000,3,-2.73796,-395.447,1.00959,0.448
54000,4,-6.45956,-390.891,4.42722,0.496
55000,4,-2.56349,-385.832,2.52938,0.491
56000,3,-3.1209,-385.47,2.57305,0.482
57000,3,-5.71798,-391.492,1.17618,0.498667
58000,4,-8.30265,-399.115,5.26169,0.477
59000,4,-7.24306,-392.923,2.58798,0.506
60000,3,-3.9677,-395.577,1.87284,0.489684
61000,2,-6.80047,-391.955,2.05599,0.536
62000,4,-7.1115,-385.347,2.13386,0.454323
63000,5,-6.42484,-391.069,3.12638,0.508
64000,4,-2.74783,-388.031,1.57572,0.511
65000,4,-3.08543,-387.489,2.80461,0.467
66000,3,-2.42685,-387.88,2.42117,0.462
67000,3,-3.14923,-387.073,2.03,0.457
68000,4,-2.77983,-384.846,1.20271,0.481
69000,5,-3.43334,-388.108,1.44506,0.494
70000,3,-2.66691,-387.254,0.977625,0.414
71000,2,-1.95251,-396.183,1.11779,0.4673
72000,4,-10.5527,-386.696,1.02887,0.4951
73000,6,-13.8149,-382.306,4.11212,0.438
74000,6,-10.8496,-383.545,2.29846,0.476
75000,7,-5.31089,-379.9,2.65535,0.478
76000,6,-17.9045,-383.601,10.4388,0.502
77000,4,-7.1017,-379.76,2.25352,0.454
78000,8,-13.7423,-385.631,3.66821,0.464
79000,6,-10.2655,-394.605,4.22814,0.495875
80000,4,-3.30568,-391.103,1.87548,0.435
81000,4,-2.99124,-388.16,1.65153,0.471
82000,4,-5.06126,-379.491,1.64674,0.507
83000,3,-1.70572,-392.899,0.400873,0.501417
84000,4,-3.54569,-388.749,3.00194,0.499667
85000,7,-20.4442,-388.028,4.6934,0.5185
86000,8,-18.1265,-389.915,3.38772,0.4985
87000,7,-8.34876,-384.438,2.99081,0.516
88000,4,-5.7773,-380.841,4.1158,0.515
89000,4,-1.61405,-383.158,1.20811,0.492
90000,4,-3.59249,-378.772,1.22845,0.466
91000,2,-2.9737,-397.001,1.50714,0.497857
92000,3,-1.66742,-391.491,0.608042,0.421
93000,2,-3.95344,-392.261,1.88494,0.493
94000,2,-5.68192,-393.664,5.11588,0.461
95000,2,-0.848413,-391.868,0.440657,0.458
96000,3,-5.41294,-391.86,1.16573,0.501
97000,4,-11.0535,-382.799,4.65709,0.462
98000,3,-7.36862,-388.078,1.94167,0.424
99000,4,-7.29984,-384.98,2.40175,0.392
100000,3,-5.72938,-382.653,1.68797,0.44
101000,5,-15.3923,-387.191,3.76623,0.457
102000,7,-6.99546,-386.292,1.74211,0.492
103000,6,-11.1995,-388.286,3.42681,0.478
104000,4,-7.63665,-386.921,1.43343,0.502
105000,3,-8.9057,-385.597,1.26764,0.385
106000,3,-7.00523,-383.727,1.68874,0.520438
107000,3,-2.62572,-389.249,1.24065,0.445
108000,4,-4.31148,-392.746,1.60835,0.421
109000,5,-7.79411,-391.073,3.77959,0.465
110000,3,-4.8124,-398.446,1.55941,0.506684
111000,5,-6.00236,-400.101,1.39976,0.494
112000,4,-11.3761,-393.51,2.78858,0.499
113000,4,-8.23781,-387.638,1.80322,0.459
114000,4,-7.01759,-392.588,3.32554,0.458
115000,3,-2.23828,-393.186,1.13542,0.46
116000,3,-5.81682,-392.363,2.85258,0.429
117000,3,-3.78788,-395.471,1.03463,0.467
118000,3,-4.8957,-387.833,1.35484,0.453
119000,4,-3.88923,-392.206,2.43314,0.485143
120000,6,-4.72467,-384.863,2.56714,0.480909
121000,5,-5.42854,-378.03,0.938612,0.467
122000,5,-2.68983,-374.422,0.379448,0.512
123000,3,-3.90314,-388.946,1.10379,0.52225
124000,3,-2.15408,-389.93,1.0475,0.498833
125000,4,-3.82969,-384.738,0.940629,0.457
126000,3,-3.19488,-387.726,1.03888,0.468
127000,3,-7.5509,-386.264,2.59128,0.415
128000,3,-5.4516,-387.055,2.0225,0.441
129000,4,-6.26293,-391.405,3.64603,0.479
130000,5,-7.53194,-387.423,2.89244,0.492
131000,3,-4.89287,-386.335,1.30585,0.473
132000,3,-7.34123,-387.005,2.93443,0.476
133000,3,-4.9915,-387.477,1.90634,0.459
134000,3,-5.23166,-394.327,1.31058,0.476909
135000,3,-4.34167,-397.789,0.856458,0.458
136000,2,-1.18435,-393.619,1.07651,0.496561
137000,2,-1.97267,-394.01,2.07328,0.436
138000,4,-1.34954,-386.543,0.516634,0.49475
139000,5,-9.59522,-383.923,5.54789,0.485
140000,5,-1.12671,-386.28,1.981,0.4918
141000,5,-5.86054,-380.237,2.52906,0.551
142000,4,-6.00087,-383.346,1.84069,0.459
143000,4,-5.8707,-381.966,2.34313,0.442
144000,3,-4.10406,-383.82,2.99655,0.4896
145000,3,-1.63289,-385.91,1.64115,0.457
146000,7,-12.4084,-384.04,6.19482,0.488
147000,9,-12.0457,-387.239,6.56589,0.509
148000,6,-0.711245,-383.976,1.31551,0.526
149000,4,-6.54265,-384.305,2.7427,0.507
150000,3,-6.75525,-390.93,2.66853,0.438143
151000,4,-2.65711,-389.396,1.71647,0.468
152000,3,-3.03281,-385.081,0.378367,0.463
153000,3,-4.95791,-388.087,4.04481,0.48475
154000,3,-2.72939,-382.672,1.86362,0.477
155000,4,-4.64524,-391.154,3.34769,0.459
156000,7,-10.4891,-381.026,2.40176,0.553
157000,5,-13.5553,-374.29,1.8858,0.527
158000,3,-6.49767,-385.795,1.50138,0.4305
159000,3,-8.71257,-382.608,4.2461,0.349
160000,3,-3.18325,-384.176,1.67037,0.426
161000,4,-5.09491,-388.621,5.04328,0.451
162000,6,-7.08191,-377.464,3.11883,0.4774
163000,5,-1.02113,-378.624,1.4209,0.497
164000,5,-7.48425,-380.065,4.00501,0.53
165000,6,-12.8909,-374.643,4.75948,0.523
166000,6,-12.2197,-384.225,4.04997,0.519
167000,5,-8.83825,-378.441,3.70828,0.477
168000,4,-8.28699,-381.09,4.18012,0.458
169000,4,-7.88357,-376.284,3.93436,0.453
170000,4,-5.52484,-379.117,1.855,0.461
171000,6,-6.49654,-380.553,2.03609,0.477
172000,5,-5.73695,-380.788,1.07742,0.509
173000,4,-9.52011,-385.185,3.31409,0.49
174000,5,-6.70498,-382.413,3.09733,0.438
175000,4,-1.69603,-387.878,2.34273,0.483
176000,4,-1.70502,-389.091,1.05378,0.494
177000,4,-1.78909,-389.039,2.31135,0.468
178000,4,-4.10797,-385.401,1.28717,0.494
179000,3,-1.99564,-389.47,1.24464,0.486
180000,3,-0.0700857,-388.148,0.61997,0.466
181000,4,-8.46236,-398.581,1.76233,0.518
182000,3,-2.18862,-387.295,2.25723,0.468
183000,4,-10.0548,-391.041,3.13119,0.498636
184000,5,-8.30261,-377.948,4.68368,0.497
185000,5,-6.23589,-383.484,1.97639,0.488
186000,4,-4.99148,-386.597,3.0825,0.487878
187000,4,-8.2966,-387.019,1.39273,0.458
188000,4,-3.95471,-390.962,2.26222,0.496
189000,4,-9.66457,-384.311,2.95263,0.491
190000,6,-10.3004,-378.392,3.21231,0.504
191000,4,-5.84617,-392.12,1.78593,0.4505
192000,3,-6.37977,-385.952,4.65507,0.465
193000,4,-8.46134,-391.327,1.61552,0.465
194000,5,-7.95223,-391.308,5.42974,0.5
195000,7,-9.34888,-374.563,4.0352,0.498
196000,5,-2.87325,-374.917,1.67295,0.468
197000,6,-10.0582,-378.713,5.00634,0.483
198000,5,-3.8204,-374.035,1.76047,0.493
199000,4,-8.02667,-378.756,3.43241,0.508
200000,5,-3.6814,-378.462,1.35104,0.489
201000,5,-11.4595,-376.376,3.94344,0.459
202000,6,-11.2129,-375.039,2.04929,0.432
203000,5,-7.46978,-377.431,3.25078,0.493
204000,5,-6.34873,-376.607,2.89378,0.476
205000,6,-10.1755,-382.155,2.5722,0.459
206000,3,-4.88988,-389.588,0.759114,0.499781
207000,6,-10.6002,-386.1,2.03293,0.505923
208000,5,-1.83716,-388.08,2.50723,0.526
209000,4,-3.405,-385.28,3.76065,0.4635
210000,4,-3.77981,-389.929,2.49169,0.4775
211000,4,-6.79083,-391.956,0.824028,0.477
212000,3,-3.82135,-390.439,2.01245,0.481667
213000,4,-6.69433,-389.563,2.25513,0.494
214000,3,-3.8705,-390.66,2.49811,0.483
215000,5,-15.6922,-386.547,4.28822,0.51925
216000,3,-5.55769,-386.686,3.10423,0.494
217000,3,-0.939978,-384.802,0.315109,0.49
218000,4,-6.99529,-383.388,2.45166,0.501
219000,4,-4.54817,-386.41,1.53151,0.461
220000,3,-0.603624,-392.975,1.18042,0.4945
221000,4,-10.4507,-379.953,2.54173,0.4765
222000,4,-4.75588,-377.113,2.663,0.456
223000,4,-9.16104,-381.295,3.12145,0.413
224000,4,-9.75236,-372.794,1.162,0.406
225000,4,-9.79518,-374.569,1.75124,0.443
226000,5,-10.5221,-380.102,3.94196,0.437
227000,6,-8.24553,-379.425,4.49467,0.494
228000,6,-14.021,-376.646,4.20694,0.49
229000,4,-10.1528,-376.007,4.39497,0.472
230000,6,-7.98748,-377.407,2.51242,0.444
231000,6,-11.5222,-377.693,4.40943,0.518
232000,5,-8.00071,-383.178,2.30887,0.504
233000,6,-11.7143,-378.723,2.47706,0.425
234000,6,-10.1228,-383.913,3.88689,0.469
235000,4,-5.51886,-382.536,2.54071,0.466
236000,4,-3.74695,-380.429,2.41441,0.415
237000,3,-8.95359,-386.968,1.41294,0.507419
238000,2,-4.20275,-393.717,1.94172,0.435
239000,2,-5.23199,-393.779,1.06231,0.354
240000,5,-7.86589,-380.374,3.73516,0.5121
241000,6,-9.41385,-381.801,3.65322,0.518
242000,4,-6.68365,-375.978,4.10453,0.48
243000,4,-9.44256,-379.911,2.05287,0.495
244000,5,-12.5258,-382.315,4.23724,0.481
245000,6,-8.70283,-380.285,0.931356,0.484
246000,5,-6.78348,-381.541,3.3961,0.448
247000,4,-1.45627,-383.298,1.71063,0.502
248000,6,-7.51824,-378.48,2.83785,0.529
249000,4,-4.01833,-379.12,3.75202,0.513
250000,5,-12.5157,-380.735,5.39226,0.476
251000,4,-4.28467,-377.687,2.41173,0.447
252000,5,-6.46743,-383.173,1.32805,0.482
253000,4,-5.19176,-379.517,0.934011,0.474
254000,4,-4.18968,-381.028,0.950641,0.426
255000,4,-3.12387,-382.653,1.90623,0.485
256000,6,-15.8143,-385.486,2.86141,0.47915
257000,3,-4.33534,-386.261,1.11929,0.489
258000,5,-4.69985,-386.803,1.19351,0.541
259000,3,-8.14815,-386.717,3.22311,0.491
260000,4,-6.06293,-391.892,2.0535,0.481
261000,5,-5.86093,-395.692,2.03012,0.496409
262000,6,-7.91435,-393.246,2.93981,0.502
263000,4,-5.38632,-392.83,2.69689,0.474
264000,4,-11.9171,-382.332,4.48518,0.500111
265000,6,-10.3839,-385.16,4.22393,0.447
266000,6,-11.6744,-384.584,3.20174,0.486
267000,5,-17.4952,-381.953,6.396,0.439
268000,5,-5.591,-390.06,2.14888,0.492
269000,4,-7.05692,-384.782,2.93821,0.44
270000,4,-6.16095,-385.327,1.53844,0.437
271000,4,-5.70498,-386.489,3.00372,0.468
272000,5,-6.18168,-388.267,5.59842,0.443
273000,4,-1.48966,-384.24,1.0133,0.438
274000,2,-6.42653,-391.37,3.26145,0.465615
275000,3,-4.97916,-389.29,1.54584,0.458
276000,6,-7.9939,-382.669,3.27362,0.483667
277000,2,-5.76603,-392.938,0.898133,0.437
278000,2,-6.77994,-394.519,1.60295,0.443
279000,3,-6.44193,-388.163,2.64396,0.49
280000,3,-3.14072,-392.233,1.82515,0.488059
281000,2,-2.03455,-395.393,2.10031,0.456
282000,3,-2.75729,-393.637,0.942831,0.491667
283000,4,-2.05737,-388.202,2.61948,0.485
284000,4,-3.59357,-387.401,2.85957,0.525
285000,5,-6.1125,-387.71,3.4752,0.508
286000,2,-3.85742,-393.628,2.22868,0.509505
287000,3,-1.69646,-393.392,0.10591,0.452
288000,3,-2.96873,-393.75,0.406652,0.413
289000,3,-4.69946,-389.72,2.72281,0.47
290000,2,-4.097,-395.735,1.52565,0.453
291000,3,-8.11303,-392.056,3.04985,0.4717
292000,2,-2.20061,-395.763,0.819566,0.4895
293000,4,-7.71144,-390.327,3.77177,0.434
294000,3,-4.51872,-390.896,1.83257,0.382
295000,3,-2.93509,-385.715,1.07145,0.389
296000,3,-1.13315,-388.797,1.56343,0.418
297000,5,-7.8847,-389.959,2.0418,0.463
298000,4,-6.27265,-387.174,2.77319,0.487
299000,3,-2.36112,-384.98,1.49872,0.467
300000,3,-5.1812,-388.01,1.91716,0.483375
301000,3,-11.4111,-385.637,1.70069,0.436
302000,3,-5.8775,-395.079,3.77723,0.459
303000,3,-5.11012,-392.636,1.89707,0.417
304000,4,-6.96027,-390.769,0.885359,0.475167
305000,6,-9.94368,-376.382,5.32594,0.46
306000,7,-5.08574,-379.754,3.27131,0.467
307000,5,-3.47336,-376.164,3.046,0.454
308000,6,-9.68109,-382.588,6.8747,0.501
309000,6,-12.1284,-379.337,4.49394,0.478833
310000,7,-14.1836,-386.977,1.56076,0.507
311000,4,-4.96627,-380.031,1.32261,0.516
312000,4,-4.87821,-381.136,1.72916,0.484
313000,5,-4.53587,-381.647,2.7763,0.48
314000,6,-8.40048,-383.061,4.0788,0.483
315000,5,-6.30538,-385.7,2.1441,0.515
316000,4,-4.82581,-383.237,3.49956,0.491
317000,5,-0.132794,-385.399,0.511565,0.48
318000,4,-3.66979,-380.638,0.787101,0.484
319000,4,-4.72954,-378.099,2.60737,0.472
320000,5,-4.94997,-378.591,2.98849,0.499
321000,7,-6.43584,-381.364,2.37729,0.492
322000,7,-14.2132,-382.402,3.54586,0.472162
323000,5,-7.08632,-377.162,3.31755,0.494
324000,4,-8.03467,-384.441,3.57522,0.511
325000,4,-6.50003,-382.574,2.84852,0.487
326000,7,-10.9417,-384.876,2.23775,0.4786
327000,7,-11.4097,-384.373,4.09192,0.49
328000,5,-8.35265,-382.931,3.21108,0.506
329000,6,-7.73798,-392.764,3.51034,0.497619
330000,3,-3.5417,-391.805,1.51147,0.511
331000,4,-3.11379,-392.879,1.02787,0.501259
332000,4,-12.414,-391.427,4.67766,0.480429
333000,5,-10.8365,-384.495,2.48573,0.482
334000,3,-3.11274,-387.883,0.83645,0.481
335000,4,-6.33589,-390.419,2.91357,0.45125
336000,3,-5.95786,-392.69,1.11881,0.444
337000,4,-7.39741,-381.958,1.29148,0.433
338000,4,-10.1131,-376.466,2.81721,0.46
339000,4,-11.5824,-380.98,3.0705,0.466
340000,4,-11.1099,-388.1,3.17984,0.423
341000,5,-16.4654,-378.514,3.52932,0.488615
342000,5,-11.6598,-380.698,1.9925,0.494
343000,5,-6.60365,-379.539,2.13139,0.487
344000,5,-6.8369,-381.435,3.82984,0.478
345000,4,-5.51214,-384.17,2.71867,0.523
346000,5,-3.08493,-382.254,2.34789,0.507
347000,7,-8.48708,-386.357,3.20712,0.507
348000,4,-4.7648,-381.589,4.29447,0.451
349000,5,-8.84172,-382.877,4.76129,0.411
350000,6,-8.16851,-381.692,4.12977,0.454
351000,4,-6.64436,-380.15,2.73605,0.452
352000,4,-8.76066,-382.571,4.06554,0.426
353000,4,-6.93575,-385.019,5.03882,0.464
354000,4,-6.05378,-383.239,2.45073,0.458
355000,6,-6.8132,-380.866,3.41126,0.477
356000,5,-10.5205,-377.052,2.95323,0.494
357000,4,-4.85493,-376.991,2.88115,0.479
358000,4,-5.63604,-387.376,1.56838,0.461
359000,4,-4.86411,-388.389,2.02379,0.477625
360000,4,-8.35071,-389.69,2.91673,0.4916
361000,6,-6.56819,-386.504,3.11549,0.482
362000,4,-7.33533,-386.565,1.91309,0.488
363000,4,-5.35667,-383.28,5.69151,0.438
364000,4,-2.55382,-383.721,2.14329,0.442
365000,4,-4.68785,-376.147,1.21775,0.436
366000,3,-2.39672,-393.038,1.33237,0.47975
367000,3,-8.01797,-394.439,1.16218,0.468857
368000,3,-6.48978,-384.755,0.643877,0.4642
369000,3,-3.79352,-385.746,1.39805,0.404
370000,3,-4.08306,-390.533,1.90867,0.4802
371000,3,-5.9426,-396.541,3.64927,0.468
372000,2,-2.36428,-399.398,1.48434,0.475
373000,3,-4.0839,-385.997,0.737659,0.47775
374000,3,-7.56665,-386.572,1.59531,0.348
375000,3,-9.45165,-390.223,1.90031,0.397
376000,2,-3.58703,-392.716,0.831648,0.4415
377000,4,-5.80263,-385.134,2.09097,0.4255
378000,6,-8.93201,-389.654,5.84051,0.446
379000,3,-4.57263,-392.615,2.07115,0.46825
380000,4,-6.99094,-390.795,3.39186,0.49
381000,3,-1.08476,-388.16,1.37611,0.472
382000,4,-5.86288,-387.221,3.43646,0.496
383000,6,-10.1923,-389.004,3.42374,0.491
384000,3,-1.79319,-388.177,2.39154,0.495
385000,3,-4.80971,-385.914,4.545,0.494
386000,4,-3.43797,-390.021,2.33491,0.468
387000,5,-7.31608,-386.887,3.52724,0.552
388000,4,-4.05244,-387.648,2.09932,0.485
389000,4,-4.08707,-383.542,0.792063,0.498
390000,4,-4.43192,-382.112,1.97687,0.458
391000,5,-6.7189,-379.263,3.86848,0.45
392000,5,-4.06605,-387.976,1.88428,0.457692
393000,5,-9.09063,-385.268,2.68126,0.486
394000,5,-9.376,-383.191,1.46452,0.489333
395000,6,-7.07353,-382.382,3.90809,0.481
396000,6,-7.50543,-379.963,4.10673,0.528
397000,4,-8.81017,-387.363,2.13271,0.4665
398000,5,-7.56128,-389.316,5.2103,0.395
399000,4,-8.47426,-383.564,3.10042,0.445
400000,7,-12.7991,-386.573,3.73828,0.485222
401000,7,-9.70217,-387.115,3.9972,0.4565
402000,6,-5.49265,-382.47,2.48091,0.52
403000,5,-5.4119,-381.372,3.06669,0.516571
404000,3,-5.02469,-392.794,4.10359,0.5035
405000,4,-10.9506,-381.95,6.1768,0.455
406000,4,-7.19382,-381.072,2.3318,0.451
407000,4,-10.8716,-382.996,2.74819,0.396
408000,4,-5.18423,-382.811,1.38224,0.447
409000,5,-2.38302,-382.147,1.60065,0.488
410000,5,-6.0332,-384.919,3.52516,0.476
411000,4,-1.95686,-380.864,1.89053,0.497
412000,3,-3.42016,-389.768,2.42211,0.451
413000,5,-6.7253,-391.262,3.63423,0.463
414000,6,-9.67478,-392.511,3.5958,0.478083
415000,4,-2.37465,-388.691,1.63486,0.503
416000,4,-4.6859,-394.945,2.4773,0.476
417000,2,-0.772374,-398.649,0.828755,0.505
418000,2,-1.3268,-395.603,1.60823,0.463
419000,2,-1.72501,-400.607,1.70996,0.449
420000,3,-3.86852,-388.099,1.56193,0.446
421000,3,-2.5602,-393.503,1.97455,0.433
422000,5,-4.50871,-390.024,2.47997,0.462444
423000,3,-5.1886,-387.502,3.1632,0.459
424000,4,-9.16582,-390.585,3.5881,0.413
425000,4,-12.4959,-389.518,1.21031,0.48
426000,4,-5.68919,-384.681,2.81494,0.47
427000,4,-6.75518,-387.201,1.76466,0.455
428000,4,-6.13906,-386.047,4.3546,0.515
429000,3,-6.45333,-386.264,2.33157,0.47072
430000,3,-1.32774,-387.958,0.503318,0.476
431000,3,-4.91012,-384.182,1.86808,0.44
432000,3,-2.05969,-388.862,0.980933,0.403
433000,3,-2.95087,-384.657,0.443546,0.446
434000,3,-3.04052,-388.038,1.04122,0.446
435000,3,-1.63163,-385.447,1.24249,0.485
436000,3,-1.18053,-385.386,1.07549,0.466
437000,3,-1.28523,-386.312,0.611598,0.5
438000,3,-8.17922,-388.067,1.41672,0.457
439000,3,-1.9641,-387.088,0.81116,0.442
440000,4,-5.88423,-389.991,1.82661,0.452
441000,3,-4.79958,-386.546,1.21151,0.483615
442000,3,-4.38859,-384.688,1.84257,0.499
443000,3,-5.28265,-385.402,1.33734,0.484
444000,4,-3.89363,-383.666,1.49311,0.442
445000,3,-6.62456,-384.542,4.57328,0.498
446000,3,-3.40936,-385.993,1.60614,0.53
447000,3,-7.77977,-384.292,3.99585,0.542
448000,3,-4.5296,-387.071,1.82639,0.485
449000,3,-2.52858,-384.009,2.16157,0.464
450000,2,-3.81592,-394.733,3.22774,0.479241
451000,2,-1.52291,-394.764,1.3373,0.43
452000,5,-11.0674,-392.234,3.03326,0.48658
453000,2,-1.62608,-392.211,1.50248,0.464
454000,4,-10.3593,-392.629,2.48162,0.421333
455000,2,-4.91526,-395.377,1.91752,0.498
456000,3,-6.66323,-400.703,1.81867,0.468
457000,2,-1.37508,-392.79,0.828222,0.472
458000,2,-3.77017,-397.509,1.15392,0.481
459000,2,-3.36507,-393.375,1.99832,0.467
460000,2,-1.87336,-393.092,1.71723,0.461
461000,4,-5.43383,-390.633,1.63009,0.465
462000,2,-5.42353,-392.077,2.87901,0.547
463000,5,-10.2801,-394.04,3.36861,0.489
464000,3,-6.97022,-393.362,2.35982,0.478
465000,3,-3.4357,-387.505,3.35851,0.501667
466000,2,-1.29423,-391.807,0.990666,0.456
467000,2,-2.13303,-392.874,0.953394,0.494
468000,2,-5.5145,-392.988,3.39026,0.455
469000,2,-5.30505,-392.233,2.86016,0.479
470000,3,-4.59479,-388.679,2.31395,0.480095
471000,2,-1.93213,-393.243,0.326106,0.4625
472000,2,-1.20682,-394.193,0.215346,0.46
473000,3,-4.9401,-388.431,1.42472,0.473667
474000,3,-3.2204,-387.827,1.76376,0.373
475000,3,-2.96334,-384.089,0.570899,0.438
476000,3,-2.07831,-386.471,2.21403,0.496
477000,2,-1.2608,-397.826,0.649897,0.4668
478000,8,-18.0293,-382.266,6.32621,0.488184
479000,7,-14.9438,-377.333,1.94102,0.504
480000,6,-12.3013,-376.342,4.32571,0.494
481000,5,-5.81817,-377.287,2.07027,0.492
482000,4,-3.95165,-378.261,3.02663,0.482
483000,4,-1.87313,-397.243,1.38384,0.4725
484000,3,-3.60035,-405.379,1.99975,0.476
485000,5,-10.25,-398.907,4.39156,0.549
486000,3,-4.80715,-400.934,1.59029,0.535
487000,6,-12.0342,-378.745,3.06402,0.4912
488000,7,-4.51351,-381.144,4.28357,0.517
489000,4,-2.12829,-378.12,1.83991,0.515
490000,4,-5.28233,-376.805,1.7047,0.494
491000,4,-5.74792,-381.314,2.16739,0.442
492000,4,-4.03382,-380.901,1.36219,0.421
493000,4,-5.77056,-380.441,2.87144,0.472
494000,5,-3.16751,-387.172,2.24062,0.463
495000,6,-3.33906,-385.972,1.88816,0.484158
496000,6,-7.87548,-385.13,2.27343,0.516
497000,6,-9.27366,-383.332,2.88352,0.465
498000,4,-4.33762,-381.122,2.46901,0.489
499000,4,-5.90596,-378.194,2.76591,0.47
500000,4,-4.68087,-381.87,3.71068,0.51
501000,5,-12.6191,-382.415,3.05803,0.463714
502000,3,-5.41503,-387.533,1.89704,0.461375
503000,3,-2.46555,-390.266,1.78614,0.443
504000,5,-8.40268,-387.314,2.79999,0.463
505000,4,-3.98013,-396.088,2.44562,0.4375
506000,3,-1.7613,-392.654,1.15483,0.443
507000,3,-1.64113,-387.631,2.57915,0.475
508000,6,-10.0804,-385.171,3.09689,0.494
509000,5,-4.02903,-384.112,1.99596,0.511
510000,5,-12.0772,-388.922,3.86352,0.492571
511000,4,-6.33084,-386.438,0.896453,0.509
512000,5,-8.60709,-383.325,3.25749,0.466333
513000,6,-8.71042,-382.054,4.49939,0.459
514000,5,-7.72053,-387.778,2.80794,0.43
515000,5,-9.06532,-386.258,3.14469,0.462
516000,3,-7.00225,-390.424,2.81721,0.444
517000,3,-2.37088,-388.935,1.23613,0.4589
518000,3,-4.62701,-385.099,0.865967,0.451
519000,3,0.223407,-388.229,0.664344,0.491
520000,3,-3.28439,-383.969,2.51443,0.498
521000,3,-3.81555,-383.822,2.85342,0.459
522000,7,-8.70557,-385.835,1.75802,0.481333
523000,3,-2.95233,-384.25,2.166,0.523
524000,3,-0.617458,-386.679,0.686484,0.505
525000,3,-2.89903,-388.435,2.01287,0.46
526000,3,-2.76961,-386.215,1.38386,0.493
527000,3,-2.83114,-385.825,2.95523,0.457
528000,5,-11.0441,-389.233,3.09306,0.461792
529000,4,-10.8531,-386.101,1.14523,0.515
530000,3,-2.45364,-388.443,0.674011,0.447
531000,3,-1.51016,-390.331,2.10958,0.461
532000,4,-4.994,-394.07,4.16693,0.488
533000,3,-2.74641,-396.279,2.46244,0.468
534000,3,-4.36061,-387.974,2.41816,0.518571
535000,4,-5.91847,-388.467,2.85151,0.474
536000,3,-1.73186,-384.385,0.794596,0.456
537000,5,-5.33602,-385.259,2.66919,0.494048
538000,5,-15.3132,-385.155,3.37037,0.484
539000,4,-6.36024,-387.379,1.61865,0.453
540000,4,-5.95492,-385.003,2.09122,0.458
541000,5,-11.0764,-382.712,3.05941,0.465
542000,4,-7.82961,-388.131,2.77931,0.501
543000,4,-3.2069,-383.805,1.07933,0.464
544000,3,-12.1572,-387.135,1.12173,0.470875
545000,4,-3.1346,-385.014,3.44752,0.436
546000,4,-3.96019,-387.117,3.31969,0.522333
547000,5,-6.94132,-385.22,3.0975,0.5035
548000,5,-10.5551,-386.72,4.31817,0.503
549000,5,-2.3758,-384.784,2.27128,0.534
550000,7,-6.45569,-384.183,5.07057,0.513
551000,4,-10.7061,-386.262,2.09101,0.524
552000,2,-3.33642,-392.951,1.24929,0.490167
553000,2,-0.940857,-393.967,1.30118,0.4802
554000,4,-2.89245,-391.681,1.11425,0.462
555000,3,-11.5723,-387.684,2.26143,0.5085
556000,5,-7.9862,-392.643,2.42485,0.494
557000,4,-2.4084,-381.719,1.20179,0.525
558000,5,-11.6046,-387.254,2.96765,0.498649
559000,4,-6.32175,-385.24,3.57984,0.4735
560000,6,-4.38849,-381.004,3.28496,0.433
561000,7,-12.1962,-382.392,4.77837,0.514
562000,4,-11.9382,-380.696,3.26444,0.444
563000,4,-6.74124,-380.648,3.14428,0.464
564000,4,-8.25806,-381.087,2.0688,0.444
565000,6,-6.59957,-381.71,2.85478,0.493
566000,4,-6.89971,-379.664,2.22741,0.464
567000,5,-4.25178,-379.835,4.01549,0.478
568000,4,-1.97675,-379.212,1.049,0.502
569000,3,-1.87578,-386.969,1.12488,0.526
570000,3,-2.14869,-388.604,1.37384,0.497
571000,5,-5.04571,-387.887,1.2759,0.459
572000,5,-3.27364,-387.517,2.5863,0.46
573000,3,-2.28596,-388.763,0.997211,0.471
574000,5,-2.43543,-389.895,2.19341,0.477
575000,3,-3.52301,-390.199,2.75321,0.48
576000,3,-2.05153,-384.681,0.927335,0.485
577000,3,-3.40043,-384.475,1.37357,0.491
578000,6,-11.369,-383.363,2.52774,0.524
579000,4,-6.26477,-384.773,2.06937,0.497
580000,3,-5.80839,-396.729,2.75063,0.482074
581000,2,-1.494,-395.835,1.64873,0.462
582000,5,-6.52523,-387.534,1.49588,0.492458
583000,5,-2.73074,-388.818,3.81864,0.502
584000,4,-7.16104,-386.363,4.0673,0.491
585000,3,-5.44295,-389.582,1.35347,0.45
586000,3,-3.33313,-386.255,3.01096,0.443
587000,4,-5.59791,-390.483,2.61115,0.468
588000,4,-4.81713,-384.506,2.75566,0.466556
589000,3,-2.49578,-391.168,1.38132,0.502
590000,3,-6.15729,-385.323,2.72459,0.446
591000,3,-6.48613,-386.501,2.70963,0.445
592000,3,-2.40735,-388.397,2.32192,0.475
593000,3,-3.35827,-390.629,2.30183,0.43
594000,3,-2.34004,-387.947,2.01028,0.464
595000,4,-3.18295,-388.575,2.40698,0.479
596000,4,-3.58058,-389.004,3.54469,0.475857
597000,5,-8.35891,-390.694,3.52326,0.497
598000,6,-4.69346,-389.47,2.42744,0.521
599000,4,-4.18745,-392.453,2.72133,0.491
600000,6,-9.76761,-378.893,3.94617,0.497421
601000,6,-6.41675,-378.899,3.58261,0.5
602000,7,-8.95649,-377.097,2.60013,0.497
603000,5,-6.57246,-381.643,3.61094,0.524
604000,6,-7.91753,-379.066,5.12346,0.506
605000,5,-6.12114,-379.259,3.17486,0.497
606000,7,-10.4208,-385.041,4.19732,0.52
607000,5,-3.22528,-386.882,1.55528,0.455
608000,5,-6.80835,-382.108,4.95356,0.512
609000,4,-1.87958,-379.495,1.31714,0.513909
610000,4,-2.68654,-386.268,1.21001,0.477
611000,6,-7.38194,-386.403,4.01257,0.514
612000,6,-5.32335,-379.842,5.15342,0.547
613000,4,-2.29571,-382.484,2.61934,0.485
614000,5,-7.31445,-379.677,2.90475,0.446
615000,5,-6.72489,-386.369,2.11658,0.49
616000,4,-2.74336,-383.821,2.4687,0.459
617000,4,-3.43275,-381.237,2.34225,0.44
618000,6,-9.74561,-385.466,2.43299,0.499316
619000,5,-8.69051,-378.466,3.0175,0.486
620000,4,-4.24603,-379.153,2.33199,0.50604
621000,4,-5.74917,-380.181,1.72582,0.43
622000,4,-2.13568,-377.677,1.5991,0.507
623000,2,-3.57944,-393.517,2.1489,0.484333
624000,2,-2.37995,-399.635,1.55057,0.426
625000,5,-4.34735,-379.417,1.50932,0.484333
626000,4,-9.09033,-378.292,5.5174,0.487
627000,5,-3.90392,-389.946,3.4714,0.442
628000,4,-1.40117,-385.105,1.94438,0.517
629000,4,-4.01007,-386.795,3.29717,0.518
630000,6,-9.95351,-391.511,3.21977,0.478333
631000,7,-9.26244,-384.083,1.97218,0.499214
632000,4,-5.36176,-384.378,2.36379,0.503
633000,3,-5.6089,-391.616,3.48167,0.465333
634000,2,-0.533195,-394.637,0.397891,0.46
635000,2,-1.14538,-395.874,0.784227,0.431
636000,2,-0.8673,-393.048,0.344631,0.447
637000,3,-0.410178,-390.037,0.308469,0.425
638000,3,-3.41526,-387.517,2.48556,0.489
639000,4,-3.47953,-392.395,1.78689,0.5128
640000,3,-4.63211,-389.132,1.73622,0.467
641000,5,-6.14268,-385.702,4.42759,0.461
642000,4,-3.3276,-380.956,1.18961,0.442
643000,5,-9.27811,-378.859,4.45923,0.453
644000,4,-4.23514,-382.601,1.90894,0.422
645000,5,-9.55273,-385.969,3.18515,0.464769
646000,3,-9.10267,-387.957,2.90942,0.443
647000,4,-7.24058,-390.082,2.66478,0.392
648000,3,-5.7049,-391.822,1.1286,0.46175
649000,4,-4.01166,-377.28,1.91381,0.448
650000,5,-8.27003,-383.498,7.0257,0.48
651000,8,-9.7935,-380.878,2.12193,0.524
652000,8,-17.0062,-382.771,6.02543,0.532
653000,6,-8.83563,-379.637,2.87039,0.551
654000,5,-7.43192,-382.137,2.81894,0.511743
655000,5,-5.20381,-381.315,2.47976,0.437
656000,7,-8.77355,-387.55,2.45219,0.489
657000,8,-6.24979,-383.651,2.64585,0.479
658000,5,-7.50043,-387.796,4.15982,0.4838
659000,5,-9.62899,-380.917,3.74908,0.48
660000,6,-12.3304,-382.807,1.72531,0.491
661000,7,-12.9161,-382.982,4.21756,0.466
662000,5,-6.21895,-386.112,0.99144,0.518
663000,6,-13.0037,-383.89,6.72371,0.467
664000,6,-13.2765,-380.623,4.8111,0.502
665000,4,-7.66406,-379.239,3.74012,0.459
666000,7,-16.369,-379.881,2.62162,0.480333
667000,6,-14.7162,-385.162,4.84979,0.445
668000,5,-9.22996,-383.72,3.06705,0.4625
669000,4,-8.8683,-377.937,3.13688,0.494667
670000,4,-2.83757,-379.016,0.734852,0.477
671000,6,-9.09469,-380.368,1.28784,0.468
672000,6,-7.99238,-379.163,1.42466,0.48
673000,5,-5.1661,-388.845,0.977539,0.5
674000,4,-10.6772,-377.078,4.62656,0.516
675000,5,-8.53336,-378.319,2.70539,0.515
676000,4,-10.335,-374.716,2.72918,0.497
677000,5,-12.8918,-376.503,6.0598,0.45
678000,4,-7.00419,-380.903,1.73913,0.513
679000,4,-8.66984,-380.341,4.3991,0.481
680000,4,-11.3897,-381.962,4.047,0.494
681000,6,-11.5097,-387.31,1.78011,0.422714
682000,4,-10.383,-381.352,3.31329,0.425
683000,4,-6.83087,-376.881,0.954377,0.446
684000,5,-10.2887,-379.313,1.94972,0.405
685000,4,-10.6776,-380.836,4.56036,0.386
686000,4,-6.95249,-382.752,1.40567,0.388
687000,4,-10.3789,-379.596,1.6836,0.377
688000,4,-7.06355,-390.136,1.99756,0.407
689000,4,-7.21402,-382.442,1.69344,0.407
690000,4,-9.99036,-377.701,4.19812,0.375
691000,4,-8.64348,-381.077,2.64195,0.397
692000,5,-7.08268,-378.146,0.640283,0.402
693000,5,-5.56233,-383.587,1.085,0.470543
694000,5,-4.89395,-379.712,2.1671,0.522
695000,6,-5.68581,-380.805,4.15909,0.49
696000,5,-8.04459,-379.309,3.12384,0.505
697000,6,-10.3942,-380.561,4.97873,0.517
698000,5,-5.76762,-384.214,3.3548,0.468
699000,8,-12.7006,-378.269,6.75124,0.555
700000,6,-4.21624,-382.072,3.03478,0.507
701000,6,-9.1354,-376.941,4.17853,0.494
702000,4,-3.44053,-379.871,1.15814,0.497
703000,7,-7.37873,-380.916,5.5036,0.484
704000,5,-9.15729,-375.664,1.79051,0.522
705000,4,-5.21236,-379.415,4.11913,0.429
706000,4,-5.55888,-380.522,3.53449,0.45
707000,4,-3.23734,-386.045,1.11868,0.461
708000,4,-7.00742,-380.525,2.57478,0.502
709000,4,-5.90456,-383.08,1.62276,0.462
710000,5,-8.38754,-384.899,3.77065,0.49
711000,5,-6.85478,-376.298,3.06554,0.47
712000,3,-2.75286,-390.899,1.83508,0.474219
713000,5,-6.3973,-378.703,3.99061,0.4815
714000,6,-11.6062,-377.911,3.66935,0.446
715000,2,-4.57919,-393.788,2.77121,0.501217
716000,3,-1.79495,-392.017,0.648207,0.461
717000,4,-2.49468,-393.984,1.29553,0.446
718000,3,-1.6774,-394.352,1.89805,0.512
719000,2,-2.15969,-392.638,1.8739,0.476
720000,5,-10.5047,-381.95,4.32544,0.476625
721000,6,-4.46717,-379.297,2.07218,0.481
722000,5,-9.33442,-374.403,3.16437,0.459
723000,5,-11.3907,-376.884,2.78866,0.444
724000,5,-8.27968,-379.464,2.0821,0.429
725000,5,-7.2096,-379.153,2.67279,0.498404
726000,7,-12.0776,-376.547,5.91225,0.515
727000,6,-13.338,-381.136,4.80087,0.484
728000,4,-4.04079,-380.858,1.43211,0.46875
729000,4,-8.25361,-381.153,3.78055,0.4868
730000,4,-3.94754,-382.867,2.75945,0.472
731000,6,-13.1097,-384.741,3.75954,0.485
732000,5,-12.9642,-387.294,2.7432,0.454
733000,6,-10.8938,-379.422,4.08838,0.477
734000,5,-13.5784,-382.044,3.34184,0.435
735000,7,-15.9815,-383.195,6.71676,0.456
736000,4,-6.92148,-381.561,5.14317,0.421
737000,4,-12.6067,-379.242,3.47762,0.453
738000,4,-5.8554,-380.562,1.89009,0.501
739000,4,-5.8186,-390.986,4.73372,0.441167
740000,4,-2.41616,-386.741,1.10529,0.471
741000,3,-2.7758,-385.878,1.65739,0.477
742000,3,-5.78301,-388.188,1.51757,0.442
743000,3,-2.2674,-387.437,1.4957,0.464067
744000,4,-4.35029,-385.43,1.92662,0.447
745000,8,-16.2187,-381.885,6.35965,0.457
746000,5,-10.5083,-380.508,2.54048,0.497
747000,5,-3.54683,-387.801,1.43684,0.449222
748000,4,-6.61251,-379.394,1.58041,0.448
749000,3,-5.32899,-390.854,0.842841,0.483567
750000,4,-6.69679,-381.873,2.0606,0.4635
751000,6,-8.79111,-381.215,2.11617,0.444
752000,4,-5.40618,-378.415,1.76093,0.4505
753000,4,-7.48419,-379.792,2.55296,0.424
754000,2,-1.39329,-391.618,1.3091,0.499
755000,4,-14.7476,-392.822,3.44837,0.460077
756000,4,-4.89591,-377.384,2.60258,0.4656
757000,4,-10.6948,-379.345,3.06571,0.433
758000,4,-2.3191,-377.823,1.59174,0.471
759000,4,-8.30945,-381.242,4.03652,0.43
760000,4,-3.33209,-384.637,2.93487,0.408
761000,4,-4.86112,-383.824,0.926769,0.501286
762000,3,-2.79838,-388.039,2.026,0.49
763000,3,-2.32626,-389.871,2.07805,0.475
764000,3,-2.43804,-386.498,1.48541,0.447
765000,4,-6.22844,-383.239,2.467,0.491
766000,3,-2.43055,-390.023,2.30284,0.483
767000,3,-3.69765,-390.099,1.85573,0.474
768000,3,-8.08687,-392.11,3.29916,0.445
769000,4,-6.42096,-384.565,2.78464,0.493364
770000,4,-6.38568,-378.908,1.26815,0.46
771000,4,-3.80838,-380.795,3.28809,0.467
772000,5,-3.50518,-382.506,2.44056,0.514
773000,5,-4.65351,-379.33,2.99381,0.5
774000,6,-7.56507,-388.367,3.18271,0.509
775000,5,-3.75718,-380.28,2.06761,0.552
776000,4,-7.75669,-375.964,2.09406,0.498
777000,4,-6.70415,-374.717,3.65364,0.528
778000,4,-2.72681,-377.153,1.88936,0.473
779000,6,-5.55784,-381.691,2.33023,0.533
780000,3,-6.38029,-395.24,3.07085,0.486833
781000,2,-2.04388,-393.966,1.60006,0.476
782000,4,-3.75521,-396.555,2.75032,0.471
783000,2,-5.87896,-393.154,3.66293,0.464
784000,2,-4.64578,-394.873,2.67899,0.454
785000,7,-11.1745,-390.509,5.17539,0.49872
786000,8,-8.27172,-381.664,4.13783,0.515
787000,7,-10.0742,-382.338,5.2474,0.488
788000,8,-12.6838,-391.233,5.73537,0.495
789000,6,-3.89634,-389.248,0.888862,0.48
790000,4,-9.50045,-387.761,3.33769,0.499833
791000,5,-10.382,-381.425,1.06496,0.53975
792000,5,-11.7261,-378.183,3.39656,0.473
793000,3,-2.04677,-395.49,2.2546,0.456
794000,4,-5.41066,-383.375,2.72717,0.477
795000,4,-6.01717,-382.76,2.47839,0.477
796000,4,-7.61561,-395.6,3.0005,0.508
797000,5,-9.10599,-387.444,3.3071,0.511
798000,3,-5.9654,-386.438,3.14908,0.453
799000,3,-1.98727,-387.126,0.920505,0.449
800000,3,-4.01602,-387.703,0.63136,0.503744
801000,2,-4.82309,-391.505,1.75748,0.444
802000,2,-4.88874,-397.164,2.72309,0.472769
803000,2,-2.0559,-392.619,1.66901,0.41
804000,5,-9.25045,-395.493,2.12857,0.455
805000,3,-5.80015,-393.989,1.26691,0.469
806000,3,-4.61464,-388.373,2.979,0.455
807000,2,-2.25064,-397.993,0.863375,0.463
808000,4,-5.24538,-393.603,2.82015,0.488
809000,3,-8.45702,-389.181,3.12067,0.493875
810000,4,-8.0931,-386.566,2.29599,0.482
811000,4,-1.49975,-390.668,1.76407,0.516
812000,4,-3.72481,-387.05,0.890019,0.4817
813000,4,-7.50013,-383.143,3.83226,0.482
814000,2,-3.65244,-393.498,1.69131,0.498333
815000,3,-6.21678,-391.031,1.8943,0.447
816000,3,-2.69828,-393.076,2.15914,0.508333
817000,3,-3.98433,-387.395,1.87337,0.449
818000,3,-4.06641,-390.493,0.392486,0.473
819000,5,-11.9113,-394.513,3.24595,0.443
820000,3,-4.49272,-388.235,2.91316,0.481
821000,4,-8.3331,-386.548,3.06079,0.452
822000,4,-1.2302,-383.801,1.20451,0.509
823000,5,-7.11453,-383.001,2.52162,0.535
824000,3,-4.94956,-384.964,4.17933,0.499
825000,3,-6.83455,-381.209,2.76113,0.466
826000,3,-3.28748,-387.158,0.894758,0.471
827000,4,-7.10777,-374.722,1.18221,0.463
828000,6,-17.8351,-384.682,3.50402,0.472
829000,6,-6.33846,-385.731,3.92628,0.492
830000,5,-4.76141,-382.128,4.2683,0.507
831000,5,-8.85758,-377.762,2.29522,0.469
832000,4,-4.53345,-379.154,3.32572,0.444
833000,6,-16.5032,-377.812,4.4886,0.453
834000,2,-1.48574,-393.657,0.987513,0.492029
835000,5,-3.61139,-386.025,1.8111,0.473
836000,4,-5.68953,-378.622,2.65513,0.483
837000,4,-5.81115,-378.799,2.46525,0.479
838000,3,-3.14077,-390.882,0.941018,0.49413
839000,3,-0.988522,-396.484,0.660413,0.481
840000,2,-1.33593,-396.394,0.518826,0.428
841000,2,-2.63034,-391.722,2.26299,0.455
842000,2,-3.23072,-391.263,0.33123,0.497645
843000,2,-1.18449,-395.598,0.707027,0.467
844000,2,-2.12621,-395.9,0.724487,0.455
845000,3,-4.58775,-394.23,1.81482,0.403
846000,2,-5.04675,-392.064,2.91342,0.506
847000,2,-0.738312,-396.374,0.525718,0.474
848000,2,-4.40418,-394.891,1.02259,0.504
849000,5,-11.4768,-384.776,4.31232,0.507167
850000,6,-10.0278,-377.306,3.31251,0.443
851000,5,-10.5389,-381.331,2.15343,0.506
852000,5,-8.3202,-380.161,5.05939,0.482
853000,5,-4.75138,-384.624,0.880987,0.438
854000,4,-6.89942,-390.654,4.7778,0.477333
855000,4,-4.03054,-389.788,1.70065,0.524
856000,3,-5.47745,-393.478,3.26488,0.448
857000,5,-5.00741,-388.649,2.82762,0.488
858000,5,-4.48834,-383.063,1.38745,0.4746
859000,4,-8.98973,-383.581,4.78713,0.45
860000,4,-8.1834,-382.766,3.05551,0.445
861000,6,-10.4147,-387.307,4.07343,0.461
862000,5,-7.07771,-380.179,3.88878,0.44
863000,2,-0.673243,-395.937,0.605523,0.491414
864000,4,-6.47614,-380.242,1.94593,0.494
865000,4,-6.22358,-383.555,1.87564,0.457
866000,4,-7.85496,-384.489,2.77485,0.446
867000,5,-5.54479,-384.109,2.16374,0.413
868000,7,-13.88,-384.736,4.17596,0.488909
869000,6,-9.85046,-389.015,3.2562,0.488
870000,4,-4.69387,-380.153,2.48879,0.443
871000,3,-8.46137,-386.465,1.61457,0.491433
872000,3,-5.2618,-388.839,1.80265,0.453
873000,5,-9.45509,-391.525,5.39289,0.4711
874000,3,-6.10094,-391.25,4.2317,0.46175
875000,3,-3.41615,-385.174,2.79857,0.519
876000,3,-4.82007,-385.744,1.50552,0.468
877000,6,-5.15499,-384.895,3.68969,0.496
878000,5,-7.81475,-390.196,7.12285,0.558
879000,3,-3.94367,-384.169,2.03781,0.517
880000,3,-3.35346,-386.921,1.52656,0.541
881000,3,-3.01097,-387.217,3.45486,0.479
882000,3,-1.92534,-388.467,2.6869,0.465
883000,3,-2.867,-383.844,1.53319,0.452
884000,3,-1.89058,-386.801,1.81757,0.433
885000,5,-4.80885,-383.679,4.42226,0.447
886000,5,-8.64614,-387.951,1.6911,0.446
887000,6,-15.7529,-379.671,3.47189,0.467
888000,5,-5.72876,-385.54,1.10079,0.454
889000,2,-3.01282,-396.012,0.805915,0.485667
890000,5,-5.35553,-387.009,1.70281,0.508818
891000,5,-3.82749,-387.713,2.58703,0.493
892000,3,-4.79421,-386.566,2.6792,0.457
893000,3,-5.0959,-390.778,0.515269,0.396
894000,3,-2.87586,-388.347,2.51658,0.448
895000,3,-6.78783,-386.696,1.82605,0.431
896000,5,-9.59705,-384.853,2.13545,0.486
897000,2,-2.81882,-397.779,0.549691,0.51528
898000,5,-9.75394,-386.598,1.63058,0.513
899000,5,-3.69171,-378.803,2.90757,0.514
900000,4,-6.88582,-378.196,3.34544,0.530667
901000,4,-4.1393,-381.73,1.68167,0.511
902000,4,-7.26961,-377.509,2.48132,0.447
903000,4,-6.57405,-381.286,1.72369,0.475
904000,7,-2.77741,-380.89,4.18143,0.482
905000,6,-6.73913,-383.119,4.94148,0.506
906000,4,-4.52981,-383.049,2.00476,0.468
907000,4,-4.73705,-384.741,1.91485,0.498
908000,4,-6.79788,-384.114,1.47606,0.471
909000,4,-3.51182,-380.498,1.25026,0.5055
910000,6,-6.20524,-380.776,1.65641,0.494
911000,3,-3.63463,-393.926,1.05298,0.488682
912000,5,-16.3632,-393.777,5.22934,0.478933
913000,5,-4.5525,-392.59,2.70132,0.538
914000,4,-8.60699,-391.463,0.864313,0.496
915000,3,-7.08548,-385.549,3.24437,0.497
916000,4,-11.5024,-388.076,4.85042,0.461
917000,5,-11.9545,-388.514,0.944684,0.539833
918000,3,-9.36425,-386.533,3.31638,0.473
919000,3,-4.54136,-389.399,2.58352,0.443
920000,4,-6.52269,-386.992,3.28293,0.482
921000,5,-8.18718,-377.776,2.87582,0.505692
922000,6,-0.448599,-384.918,1.68834,0.505833
923000,5,-5.73491,-379.794,3.25159,0.515
924000,4,-2.33538,-389.423,0.298437,0.468
925000,3,-2.60547,-387.174,1.26189,0.472
926000,3,-7.61754,-388.457,3.89687,0.468
927000,3,-5.6254,-385.481,3.16664,0.4795
928000,3,-4.44984,-388.317,1.90013,0.447
929000,4,-5.68998,-388.112,4.26204,0.47
930000,3,-4.60311,-388.352,1.30525,0.49615
931000,5,-9.74318,-387.694,2.69504,0.451
932000,3,-1.3173,-386.546,0.600446,0.486
933000,3,-3.24215,-383.757,2.6401,0.457
934000,6,-11.4413,-379.755,3.93627,0.4772
935000,5,-7.02631,-380.325,4.76876,0.5
936000,5,-5.29483,-380.104,1.45988,0.456
937000,4,-6.24736,-382.528,1.16942,0.467
938000,4,-10.157,-381.446,3.68989,0.466
939000,4,-3.54175,-378.243,1.77927,0.467
940000,7,-14.5526,-383.984,4.28624,0.484
941000,5,-13.7821,-382.687,5.15064,0.504
942000,4,-4.51921,-375.591,2.19614,0.449
943000,4,-5.65156,-375.364,1.28765,0.501
944000,4,-3.1593,-376.52,1.67446,0.492
945000,6,-7.75637,-381.432,3.91817,0.49844
946000,4,-4.83019,-379.612,1.5962,0.489308
947000,6,-9.85058,-373.139,2.35974,0.474
948000,6,-3.43152,-376.172,1.20358,0.506
949000,5,-12.5423,-376.657,3.80413,0.478
950000,4,-6.9712,-378.529,1.14028,0.486167
951000,4,-5.47858,-378.353,2.83908,0.444
952000,4,-5.97155,-379.537,3.4531,0.433
953000,4,-3.35176,-377.867,1.56043,0.5
954000,4,-8.87904,-383.478,1.36378,0.466
955000,4,-4.01741,-383.93,1.59894,0.478
956000,6,-14.4461,-383.497,5.49152,0.489
957000,5,-11.4099,-381.072,3.18536,0.481
958000,4,-8.02325,-380.617,2.15261,0.456
959000,4,-10.0826,-377.998,3.50084,0.437
960000,4,-2.85949,-382.601,1.55953,0.504
961000,4,-6.97447,-379.841,1.8112,0.475
962000,4,-4.89803,-385.228,1.11768,0.455
963000,5,-3.22839,-379.809,2.10322,0.479
964000,4,-1.85223,-385.523,0.633077,0.480267
965000,6,-9.26206,-388.848,4.22002,0.516
966000,5,-6.79144,-385.033,3.56222,0.458
967000,4,-6.0686,-391.114,3.87638,0.448
968000,7,-5.84062,-390.371,2.86976,0.488217
969000,3,-3.46546,-395.456,2.8135,0.487163
970000,4,-5.63298,-392.621,1.72724,0.507
971000,3,-1.25851,-390.624,1.72594,0.496
972000,4,-6.79026,-380.922,2.31703,0.4914
973000,5,-19.1707,-386.567,5.10997,0.5118
974000,4,-4.0782,-393.451,3.31817,0.505333
975000,3,-1.70038,-396.536,0.832177,0.487
976000,3,-7.18008,-386.835,2.7116,0.467333
977000,3,-4.57604,-390.55,2.911,0.43
978000,6,-10.605,-390.163,3.19109,0.492333
979000,5,-7.54343,-387.465,1.95546,0.48
980000,5,-8.32263,-385.648,3.69629,0.454
981000,5,-7.60291,-383.594,3.172,0.465
982000,5,-8.2934,-398.57,3.0911,0.527
983000,4,-4.45163,-393.323,3.21493,0.457
984000,4,-2.59427,-384.326,1.28733,0.42
985000,6,-4.10562,-387.746,3.12884,0.507762
986000,5,-2.69302,-386.388,2.93512,0.521
987000,3,-6.88481,-385.515,4.07726,0.474
988000,3,-2.32277,-386.833,1.10727,0.464
989000,4,-3.51812,-383.492,1.33266,0.502
990000,4,-2.08121,-381.665,2.40912,0.476
991000,4,-7.92712,-387.96,2.46008,0.507
992000,2,-4.44755,-393.472,2.17348,0.490867
993000,5,-7.23187,-389.643,3.86533,0.497556
994000,4,-7.92682,-385.141,2.24996,0.546
995000,4,-2.67413,-383.46,0.894592,0.475
996000,5,-8.14111,-382.4,4.5476,0.5085
997000,4,-6.91727,-382.104,2.30145,0.469
998000,5,-7.67835,-384.297,4.3526,0.473
999000,5,-7.64722,-380.907,2.9749,0.44
