"node"	"delta"	"z.score"	"p.value"
192	0.0179640718562874	-0.91906139555732	0.179031729978267
193	0.367816091954023	2.10750537425506	0.017536898168155
194	0.0352369380315917	-0.769633981157975	0.22075852090831
195	0.0496969696969697	-0.644540373533124	0.259612542946637
196	0.0301204819277108	-0.813896398219005	0.207852152120851
197	0.027027027027027	-0.840657849542645	0.200269820172393
198	0.0352941176470588	-0.769139320804049	0.220905303852678
199	0.0555555555555556	-0.593857798446849	0.276303613589197
200	0.208053691275168	0.725402241550569	0.234102649167755
201	0.055793991416309	-0.591795091898273	0.27699390511721
202	0.0048780487804878	-1.03226846687607	0.150973184390314
203	0.00900900900900901	-0.996531566024201	0.159495968868659
204	0.138571428571429	0.1243117938471	0.450534204797904
205	0.0252427184466019	-0.856093887485479	0.195972924699143
206	0.0948905109489051	-0.253571442940581	0.399913330455175
207	0.0227894257064722	-0.877317301550158	0.190157158660341
208	0.0860289057123193	-0.330233112433738	0.37061191441237
209	0.0253521126760563	-0.855147518962057	0.196234742832632
210	0.253789100290229	1.12105886542855	0.131131403258246
211	0.0391161540758435	-0.736074917045167	0.230842553299059
212	0.155963302752294	0.274768745462983	0.391746955844577
213	0.0021551724137931	-1.05582404653928	0.145524304975273
214	0.0674157303370786	-0.491255530013765	0.311622864100485
215	0.0464310464310464	-0.672793847177893	0.250539226333725
216	0.0438882843670656	-0.694791259581668	0.243593063252922
217	0.0678733031674208	-0.487297071455498	0.31302391138523
218	0.136531365313653	0.106663224424596	0.457528079385934
219	0.0416666666666667	-0.714010454901381	0.237610357308753
220	0.225806451612903	0.878981216157099	0.189705730303532
221	0.147121535181237	0.198278691441029	0.421413511239943
222	0.0678571428571429	-0.487436874158548	0.312974383772458
223	0.024390243902439	-0.863468637320434	0.193939927926378
224	0.0441001191895113	-0.692958678383126	0.244167741837394
225	0.0671256454388985	-0.49376505193395	0.310736058654736
226	0.212618841832325	0.764895319142697	0.222166940728282
227	0.0220408163265306	-0.883793514756725	0.188403843946252
228	0.187878787878788	0.550869328501788	0.290861627219601
229	0.0230607966457023	-0.874969673925378	0.190795203322156
230	0.0169491525423729	-0.927841453676397	0.176744908725233
231	0.0343007915567282	-0.777732576134524	0.218363341712341
232	0.225181598062954	0.873575613554754	0.191174705758911
233	0.0111111111111111	-0.978346299101353	0.163951539125199
234	0.0134874759152216	-0.95778838793919	0.16908473789849
235	0.211895910780669	0.758641248929822	0.224033595262172
236	0.0247933884297521	-0.859981037536226	0.194899747695451
237	0.0795847750865052	-0.385981230186412	0.349755284926243
238	0.40548137737175	2.43334742938723	0.00747996932293452
239	0.2	0.65572982868029	0.255998986472623
240	0.129533678756477	0.0461262991451692	0.481604792313131
241	0.151205259313367	0.233606953235644	0.407645064598206
242	0.410672853828306	2.47825884686394	0.00660126628112862
243	0.0693333333333333	-0.474666363243952	0.317512398321229
244	0.627906976744186	4.3575493466097	6.57634251391119e-06
245	0.12630359212051	0.0181828478731108	0.492746492895043
246	0.0348432055749129	-0.773040157201343	0.219749307623904
247	0.138686131386861	0.125304086901448	0.450141408403679
248	0.276102088167053	1.3140883286409	0.0944082406759979
249	0.0239520958083832	-0.867259052654767	0.192900043452337
250	0.0488294314381271	-0.652045439432188	0.257185929830706
251	0.126344086021505	0.0185331602568979	0.492606762022292
252	0.0277777777777778	-0.834163111355914	0.202094537570492
253	0.0255863539445629	-0.853121099794369	0.196796075808276
254	0.0413559322033898	-0.716698616028838	0.236780040016824
255	0.0689655172413793	-0.477848337042472	0.316379077271489
256	0.196013289036545	0.621240826960451	0.267220590316846
257	0.15695067264574	0.283310473786241	0.388469424570422
258	0.181818181818182	0.498439078412538	0.309087299376938
259	0.0201834862385321	-0.899861261123713	0.184097044020085
260	0.0505310588992597	-0.63732467513011	0.261956690746975
261	0.407725321888412	2.45275977379941	0.0070882488601971
262	0.0575139146567718	-0.57691605096903	0.281998083544899
263	0.093210586881473	-0.26810445137334	0.39430945976431
264	0.511338697878566	3.34911818439904	0.00040534603511502
265	0.0789707187222715	-0.391293426429447	0.347790178633345
266	0.16751269035533	0.374682396729789	0.353948342752497
267	0.159137159137159	0.302225749323951	0.381239988183084
268	0.137466307277628	0.114751399187969	0.454321086157512
269	0.41615356754799	2.52567245337739	0.00577385448888136
270	0.0150375939849624	-0.944378330058568	0.172488175524365
271	0.0207792207792208	-0.89470756681612	0.185471716340285
272	0.0112676056338028	-0.976992466352569	0.164286441032363
273	0.00374531835205993	-1.04206770791769	0.148690144393233
274	0.0229007633587786	-0.87635412049262	0.190418775877954
275	0.115384615384615	-0.0762771244888622	0.469599312413561
276	0.122340425531915	-0.0161024716654794	0.493576320833734
277	0.161048689138577	0.318762378668477	0.374953354323787
278	0.131478450627387	0.0629505036122982	0.474902959246346
279	0.114155251141553	-0.0869123438167662	0.465370593851772
280	0.0540540540540541	-0.606847274820312	0.27197613566757
281	0.110942249240122	-0.114707995199594	0.454338288255457
282	0.12987012987013	0.0490369347903903	0.480444930812966
283	0.000921658986175115	-1.06649516042652	0.143099932623125
284	0.0377358490566038	-0.748015923709268	0.227225276386347
285	0.109311740890688	-0.128813508687605	0.448752608100146
286	0.0277492291880781	-0.834410084956026	0.202024968098461
287	0.0588235294117647	-0.565586585163429	0.285837424612636
288	0.027027027027027	-0.840657849542645	0.200269820172393
289	0.341772151898734	1.8821994763377	0.0299044683721857
290	0.248201438848921	1.07272005510955	0.141698369674342
291	0.0591073582629674	-0.563131184250997	0.286672779084166
292	0.00343938091143594	-1.04471437004408	0.148077500640842
293	0.0204678362573099	-0.897401351595141	0.184752395798096
294	0.104477611940299	-0.170633516009988	0.432255971214261
295	0.0886075949367089	-0.3079248944791	0.379069741252
296	0.142374313476975	0.157210517945743	0.437539469627852
297	0.0920881971465629	-0.277814235165666	0.390577481550938
298	0.0433839479392625	-0.699154269613077	0.24222781301684
299	0.256115107913669	1.14118113706062	0.126897276140789
300	0.333333333333333	1.8091953306438	0.0352103314007217
301	0.0246913580246914	-0.860863701679143	0.194656557727155
302	0.105137395459976	-0.164925734544646	0.434501218263698
303	0.0923076923076923	-0.275915384444086	0.391306528670191
304	0.0992412746585736	-0.215933024093351	0.414519977393305
305	0.171471927162367	0.408933719762452	0.341294151236611
306	0.00958466453674121	-0.991551575082298	0.160708160764072
307	0.275862068965517	1.31201192462505	0.0947580555619711
308	0.105612019443217	-0.1608197666116	0.43611767818653
309	0.147814018043026	0.204269354629338	0.419071508259514
310	0.115438108484006	-0.0758143561533147	0.469783397219688
311	0.198821796759941	0.645537202742468	0.259289558756773
312	0.357894736842105	2.02167581784761	0.0216049268433205
313	0.0574712643678161	-0.577285018246223	0.281873466311085
314	0.532062391681109	3.5283986784577	0.000209040982510575
315	0.0769230769230769	-0.409007557747568	0.341267057399814
316	0.465612648221344	2.95354252824397	0.00157074659668177
317	0.112462006079027	-0.101560592061712	0.459552730315266
318	0.227383863080685	0.892627388985754	0.186028373375381
319	0.262345679012346	1.19508175320952	0.116027545166191
320	0.0865800865800866	-0.325464851561399	0.372414640090527
321	0.0831099195710456	-0.355485236043755	0.361113051769596
322	0.066079295154185	-0.50281701910685	0.307546463418259
323	0.096085409252669	-0.243234388152483	0.403911914368562
324	0.236488812392427	0.971394225947413	0.165676001375801
325	0.203478260869565	0.685820233079338	0.246413237877101
326	0.0571151984511133	-0.580365341381286	0.280834136165375
327	0.160756501182033	0.31623466320876	0.375912199640517
328	0.12707182320442	0.024828808269308	0.49009575623091
329	0.0526315789473684	-0.61915309454254	0.267907754334455
330	0.197452229299363	0.633689086604554	0.263141874281199
331	0.0903721204961607	-0.292659999277896	0.384891023862878
332	0.0504201680672269	-0.638283990749365	0.261644415689435
333	0.0562180579216354	-0.588126496265031	0.278223694793055
334	0.253968253968254	1.12260872233219	0.130801854655521
335	0.0574162679425837	-0.5777607918405	0.281712814845818
336	0.0669456066945607	-0.495322565538529	0.310186222360782
337	0.097323600973236	-0.232522802393802	0.408065989369481
338	0.27803738317757	1.33083054887155	0.0916223868236376
339	0.0777777777777778	-0.401613548119596	0.343984228774785
340	0.218512898330804	0.815884750424844	0.207283027387669
341	0.221757322175732	0.843952232766386	0.199348049293568
342	0.0869565217391304	-0.322208314288775	0.373647443104187
343	0.0963172804532578	-0.241228472421648	0.404689022289533
344	0.307692307692308	1.58737504180467	0.0562138642484311
345	0.0980392156862745	-0.226332025762396	0.410471595807862
346	0.133671742808799	0.0819246551146847	0.467353314195281
347	0.0556792873051225	-0.592787396162176	0.27666172187229
348	0.0236518448438978	-0.869856521125756	0.1921894093539
349	0.105820105820106	-0.159019613182826	0.436826710683258
350	0.0661322645290581	-0.502358781507525	0.307707583830393
351	0.0669745958429561	-0.495071780668988	0.310274726278837
352	0.0613266583229036	-0.543932038818682	0.293244120344423
353	0.0432748538011696	-0.700098042048751	0.241933039258251
354	0.0555555555555556	-0.593857798446849	0.276303613589197
355	0.0720311486048021	-0.451327586896631	0.325876732499157
356	0.137404580152672	0.114217398369175	0.454532730130145
357	0.0999306037473976	-0.209969644167412	0.416845682672418
358	0.0271281571562208	-0.839782973678389	0.200515040792173
359	0.135308246597278	0.0960820350935096	0.461727709603199
360	0.054735013032146	-0.600956304649201	0.273934544966194
361	0.0743061772605192	-0.43164633386902	0.332999238747084
362	0.0967741935483871	-0.237275721226946	0.406221447999961
363	0.0469448584202683	-0.668348864147423	0.251955464380837
364	0.0392156862745098	-0.735213864863946	0.231104628168878
365	0.0203727785002167	-0.898223695421399	0.184533151552431
366	0.105769230769231	-0.159459732803539	0.436653340451215
367	0.0137438152831226	-0.955570798306673	0.169644560338125
368	0.0336817653890825	-0.783087766103464	0.216787787391079
369	0.0251572327044025	-0.856833423894505	0.195768475408022
370	0.134583744652846	0.0898143751009555	0.464217362340361
371	0.0122249388753056	-0.968710584842896	0.166344804937316
372	0.0145228215767635	-0.948831621665219	0.171353128137757
373	0.0900473933649289	-0.295469210853602	0.383817734572358
374	0.205640423031727	0.704525079057125	0.240552918774618
375	0.255455712451861	1.13547671268052	0.12808781684597
