gene	rf	num.tips	rf.zeros	num.tips.zeros
ENSMUSP00000065754	0.763888888888889	147	NA	NA
ENSMUSP00000126045	0.826923076923077	159	NA	NA
ENSMUSP00000134237	0.773049645390071	144	NA	NA
ENSMUSP00000021273	0.932885906040268	152	NA	NA
ENSMUSP00000040134	0.854545454545454	168	NA	NA
ENSMUSP00000010007	0.877300613496933	166	NA	NA
ENSMUSP00000148319	0.80672268907563	122	NA	NA
ENSMUSP00000129107	0.755555555555556	183	NA	NA
ENSMUSP00000038014	0.8125	51	NA	NA
ENSMUSP00000129178	0.891566265060241	86	NA	NA
ENSMUSP00000143747	0.78021978021978	185	NA	NA
ENSMUSP00000140463	0.807017543859649	174	NA	NA
ENSMUSP00000025236	0.917582417582418	185	NA	NA
ENSMUSP00000104770	0.83625730994152	174	NA	NA
ENSMUSP00000026008	0.903448275862069	148	NA	NA
ENSMUSP00000050156	0.912	128	NA	NA
ENSMUSP00000111157	0.793939393939394	168	NA	NA
ENSMUSP00000032194	0.909090909090909	135	NA	NA
ENSMUSP00000122112	0.830985915492958	74	NA	NA
ENSMUSP00000000187	0.757062146892655	180	NA	NA
ENSMUSP00000116813	0.8125	163	NA	NA
ENSMUSP00000035009	0.786764705882353	139	NA	NA
ENSMUSP00000051216	0.764044943820225	181	NA	NA
ENSMUSP00000038420	0.876712328767123	149	NA	NA
ENSMUSP00000044352	0.820359281437126	170	NA	NA
ENSMUSP00000126061	0.885057471264368	177	NA	NA
ENSMUSP00000041796	0.837837837837838	151	NA	NA
ENSMUSP00000118021	0.843243243243243	188	NA	NA
ENSMUSP00000013771	0.754385964912281	60	NA	NA
ENSMUSP00000139031	0.752873563218391	177	NA	NA
ENSMUSP00000031492	0.814606741573034	181	NA	NA
ENSMUSP00000020822	0.759615384615385	107	NA	NA
ENSMUSP00000103553	0.818181818181818	157	NA	NA
ENSMUSP00000058037	0.910112359550562	181	NA	NA
ENSMUSP00000082906	0.859550561797753	181	NA	NA
ENSMUSP00000114743	0.922651933701657	184	NA	NA
ENSMUSP00000146923	0.921212121212121	168	NA	NA
ENSMUSP00000105154	0.873563218390805	177	NA	NA
ENSMUSP00000026318	0.772727272727273	69	NA	NA
ENSMUSP00000005954	0.941520467836257	174	NA	NA
ENSMUSP00000041839	0.871951219512195	167	NA	NA
ENSMUSP00000008088	0.837209302325581	89	NA	NA
ENSMUSP00000128353	0.850828729281768	184	NA	NA
ENSMUSP00000033609	0.96195652173913	187	NA	NA
ENSMUSP00000097882	0.781818181818182	168	NA	NA
ENSMUSP00000047888	0.820143884892086	142	NA	NA
ENSMUSP00000152792	0.796610169491525	180	NA	NA
ENSMUSP00000102873	0.774011299435028	180	NA	NA
ENSMUSP00000151917	0.877049180327869	125	NA	NA
ENSMUSP00000008537	0.927710843373494	169	NA	NA
ENSMUSP00000038489	0.777070063694268	160	NA	NA
ENSMUSP00000026093	0.883333333333333	183	NA	NA
ENSMUSP00000113582	0.831325301204819	86	NA	NA
ENSMUSP00000050854	0.842424242424242	168	NA	NA
ENSMUSP00000029738	0.794701986754967	154	NA	NA
ENSMUSP00000106620	0.756578947368421	155	NA	NA
ENSMUSP00000143017	0.879310344827586	177	NA	NA
ENSMUSP00000157879	0.766666666666667	183	NA	NA
ENSMUSP00000091943	0.75	131	NA	NA
ENSMUSP00000077606	0.833333333333333	159	NA	NA
ENSMUSP00000047150	0.76	178	NA	NA
ENSMUSP00000080354	0.884297520661157	124	NA	NA
ENSMUSP00000151768	0.797752808988764	181	NA	NA
ENSMUSP00000077779	0.801282051282051	159	NA	NA
ENSMUSP00000046557	0.907514450867052	176	NA	NA
ENSMUSP00000110526	0.8	58	NA	NA
ENSMUSP00000146939	0.944099378881988	164	NA	NA
ENSMUSP00000126024	0.811320754716981	109	NA	NA
ENSMUSP00000152766	0.853801169590643	174	NA	NA
ENSMUSP00000058521	0.807407407407407	138	NA	NA
ENSMUSP00000021157	0.75	123	NA	NA
ENSMUSP00000020446	0.83625730994152	174	NA	NA
ENSMUSP00000032898	0.819277108433735	169	NA	NA
ENSMUSP00000096449	0.87292817679558	184	NA	NA
ENSMUSP00000123110	0.797619047619048	171	NA	NA
ENSMUSP00000066015	0.912280701754386	174	NA	NA
ENSMUSP00000101800	0.85	163	NA	NA
ENSMUSP00000034431	0.915730337078652	181	NA	NA
ENSMUSP00000148539	0.875	171	NA	NA
ENSMUSP00000115881	0.942196531791908	176	NA	NA
ENSMUSP00000030942	0.869822485207101	172	NA	NA
ENSMUSP00000107867	0.753164556962025	161	NA	NA
ENSMUSP00000070229	0.825581395348837	175	NA	NA
ENSMUSP00000077232	0.885350318471338	160	NA	NA
ENSMUSP00000150440	0.8	153	NA	NA
ENSMUSP00000040975	0.819277108433735	169	NA	NA
ENSMUSP00000122227	0.907407407407407	165	NA	NA
ENSMUSP00000057623	0.763888888888889	147	NA	NA
ENSMUSP00000083018	0.907284768211921	154	NA	NA
ENSMUSP00000038350	0.826086956521739	164	NA	NA
ENSMUSP00000109451	0.782312925170068	150	NA	NA
ENSMUSP00000034756	0.754098360655738	125	NA	NA
ENSMUSP00000023133	0.766467065868264	170	NA	NA
ENSMUSP00000032066	0.888268156424581	182	NA	NA
ENSMUSP00000113113	0.75	155	NA	NA
ENSMUSP00000026892	0.763005780346821	176	NA	NA
ENSMUSP00000154530	0.794520547945205	149	NA	NA
ENSMUSP00000124312	0.854545454545454	113	NA	NA
ENSMUSP00000077314	0.855491329479769	176	NA	NA
ENSMUSP00000022576	0.758333333333333	123	NA	NA
ENSMUSP00000031560	0.848101265822785	161	NA	NA
ENSMUSP00000034041	0.75	135	NA	NA
ENSMUSP00000024858	0.863945578231292	150	NA	NA
ENSMUSP00000020220	0.910828025477707	160	NA	NA
ENSMUSP00000030158	0.950310559006211	164	NA	NA
ENSMUSP00000033880	0.85	183	NA	NA
ENSMUSP00000097807	0.77124183006536	156	NA	NA
ENSMUSP00000047771	0.937888198757764	164	NA	NA
ENSMUSP00000047683	0.760479041916168	170	NA	NA
ENSMUSP00000026670	0.757763975155279	164	NA	NA
ENSMUSP00000050001	0.78804347826087	187	NA	NA
ENSMUSP00000151936	0.808139534883721	175	NA	NA
ENSMUSP00000145539	0.783216783216783	146	NA	NA
ENSMUSP00000113675	0.876404494382023	92	NA	NA
ENSMUSP00000040221	0.889570552147239	166	NA	NA
ENSMUSP00000028005	0.854166666666667	99	NA	NA
ENSMUSP00000118137	0.924418604651163	175	NA	NA
ENSMUSP00000033463	0.752293577981651	112	NA	NA
ENSMUSP00000034965	0.821656050955414	160	NA	NA
ENSMUSP00000137570	0.905063291139241	161	NA	NA
ENSMUSP00000058391	0.767241379310345	119	NA	NA
ENSMUSP00000124819	0.752475247524752	104	NA	NA
ENSMUSP00000146705	0.9375	83	NA	NA
ENSMUSP00000035155	0.770114942528736	90	NA	NA
ENSMUSP00000022744	0.971428571428571	38	NA	NA
ENSMUSP00000114075	0.788732394366197	145	NA	NA
ENSMUSP00000002090	0.825174825174825	146	NA	NA
ENSMUSP00000079538	0.78343949044586	160	NA	NA
ENSMUSP00000078795	0.868965517241379	148	NA	NA
ENSMUSP00000099595	0.778443113772455	170	NA	NA
ENSMUSP00000152449	0.85625	163	NA	NA
ENSMUSP00000034698	0.766666666666667	183	NA	NA
ENSMUSP00000034470	0.881889763779528	130	NA	NA
ENSMUSP00000026572	0.775862068965517	177	NA	NA
ENSMUSP00000117197	0.829268292682927	167	NA	NA
ENSMUSP00000044502	0.816666666666667	123	NA	NA
ENSMUSP00000157595	0.858823529411765	173	NA	NA
ENSMUSP00000039600	0.904191616766467	170	NA	NA
ENSMUSP00000112915	0.81021897810219	140	NA	NA
ENSMUSP00000035154	0.768421052631579	98	NA	NA
ENSMUSP00000054490	0.902777777777778	147	NA	NA
ENSMUSP00000110401	0.86013986013986	146	NA	NA
ENSMUSP00000109529	0.786259541984733	134	NA	NA
ENSMUSP00000124106	0.772455089820359	170	NA	NA
ENSMUSP00000043713	0.994011976047904	170	NA	NA
ENSMUSP00000099702	0.793103448275862	177	NA	NA
ENSMUSP00000077951	0.949720670391061	182	NA	NA
ENSMUSP00000035075	0.771604938271605	165	NA	NA
ENSMUSP00000034204	0.893333333333333	78	NA	NA
ENSMUSP00000039670	0.75968992248062	132	NA	NA
ENSMUSP00000103869	0.792079207920792	104	NA	NA
ENSMUSP00000019833	0.795454545454545	179	NA	NA
ENSMUSP00000022517	0.756906077348066	184	NA	NA
ENSMUSP00000029165	0.970414201183432	172	NA	NA
ENSMUSP00000025254	0.841121495327103	110	NA	NA
ENSMUSP00000045327	0.789772727272727	179	NA	NA
ENSMUSP00000033577	0.856164383561644	149	NA	NA
ENSMUSP00000007533	0.894736842105263	98	NA	NA
ENSMUSP00000057238	0.821917808219178	149	NA	NA
ENSMUSP00000128627	0.938650306748466	166	NA	NA
ENSMUSP00000027997	0.900826446280992	124	NA	NA
ENSMUSP00000129793	0.75796178343949	160	NA	NA
ENSMUSP00000015941	0.810650887573965	172	NA	NA
ENSMUSP00000011178	0.8	53	NA	NA
ENSMUSP00000062476	0.779069767441861	175	NA	NA
ENSMUSP00000043519	0.864406779661017	180	NA	NA
ENSMUSP00000051799	0.905027932960894	182	NA	NA
ENSMUSP00000026665	0.88695652173913	118	NA	NA
ENSMUSP00000041941	0.783216783216783	146	NA	NA
ENSMUSP00000020288	0.875739644970414	172	NA	NA
ENSMUSP00000034830	0.822368421052632	155	NA	NA
ENSMUSP00000087714	0.805555555555556	183	NA	NA
ENSMUSP00000022871	0.785714285714286	157	NA	NA
ENSMUSP00000110523	0.832167832167832	146	NA	NA
ENSMUSP00000112870	0.924050632911392	161	NA	NA
ENSMUSP00000127709	0.91304347826087	164	NA	NA
ENSMUSP00000019192	0.75609756097561	85	NA	NA
ENSMUSP00000048427	0.789808917197452	160	NA	NA
ENSMUSP00000043828	0.76978417266187	142	NA	NA
ENSMUSP00000046786	0.761904761904762	129	NA	NA
ENSMUSP00000115925	0.768292682926829	85	NA	NA
ENSMUSP00000060827	0.772727272727273	69	NA	NA
ENSMUSP00000027249	0.871345029239766	174	NA	NA
ENSMUSP00000067181	0.771428571428571	143	NA	NA
ENSMUSP00000143790	0.902777777777778	75	NA	NA
ENSMUSP00000126673	0.818181818181818	135	NA	NA
ENSMUSP00000009435	0.853932584269663	181	NA	NA
ENSMUSP00000068560	0.944444444444444	183	NA	NA
ENSMUSP00000108004	0.774566473988439	176	NA	NA
ENSMUSP00000026269	0.949275362318841	141	NA	NA
ENSMUSP00000141218	0.882716049382716	165	NA	NA
ENSMUSP00000124464	0.816666666666667	183	NA	NA
ENSMUSP00000113476	0.913513513513514	188	NA	NA
ENSMUSP00000029611	0.909090909090909	58	NA	NA
ENSMUSP00000125325	0.75	167	NA	NA
ENSMUSP00000116695	0.802395209580838	170	NA	NA
ENSMUSP00000118285	0.839506172839506	84	NA	NA
ENSMUSP00000027297	0.807017543859649	174	NA	NA
ENSMUSP00000015583	0.753521126760563	145	NA	NA
ENSMUSP00000080111	0.757763975155279	164	NA	NA
ENSMUSP00000044677	0.76536312849162	182	NA	NA
ENSMUSP00000092006	0.848101265822785	161	NA	NA
ENSMUSP00000025204	0.791907514450867	176	NA	NA
ENSMUSP00000010020	0.872727272727273	168	NA	NA
ENSMUSP00000028517	0.831395348837209	175	NA	NA
ENSMUSP00000069324	0.823529411764706	122	NA	NA
ENSMUSP00000054556	0.908571428571429	178	NA	NA
ENSMUSP00000048901	0.825	163	NA	NA
ENSMUSP00000119901	0.900552486187845	184	NA	NA
ENSMUSP00000033749	0.950819672131147	186	NA	NA
ENSMUSP00000058813	0.76219512195122	167	NA	NA
ENSMUSP00000044543	0.79136690647482	142	NA	NA
ENSMUSP00000064129	0.847619047619048	108	NA	NA
ENSMUSP00000055254	0.867647058823529	139	NA	NA
ENSMUSP00000030568	0.813664596273292	164	NA	NA
ENSMUSP00000028238	0.802631578947368	155	NA	NA
ENSMUSP00000114839	0.797385620915033	156	NA	NA
ENSMUSP00000107732	0.849557522123894	116	NA	NA
ENSMUSP00000020826	0.755555555555556	138	NA	NA
ENSMUSP00000113678	0.818181818181818	135	NA	NA
ENSMUSP00000002572	0.809917355371901	124	NA	NA
ENSMUSP00000157394	0.853333333333333	153	NA	NA
ENSMUSP00000034017	0.92948717948718	159	NA	NA
ENSMUSP00000134713	0.963855421686747	86	NA	NA
ENSMUSP00000035898	0.777027027027027	151	NA	NA
ENSMUSP00000051206	0.927710843373494	169	NA	NA
ENSMUSP00000000984	0.842105263157895	117	NA	NA
ENSMUSP00000108784	0.819767441860465	175	NA	NA
ENSMUSP00000042558	0.782352941176471	173	NA	NA
ENSMUSP00000100891	0.875	19	NA	NA
ENSMUSP00000101659	0.815642458100559	182	NA	NA
ENSMUSP00000156275	0.806451612903226	96	NA	NA
ENSMUSP00000066108	0.791946308724832	152	NA	NA
ENSMUSP00000000594	0.826923076923077	159	NA	NA
ENSMUSP00000088143	0.830188679245283	162	NA	NA
ENSMUSP00000133147	0.944099378881988	164	NA	NA
ENSMUSP00000033927	0.814606741573034	181	NA	NA
ENSMUSP00000120005	0.838323353293413	170	NA	NA
ENSMUSP00000130245	0.920245398773006	166	NA	NA
ENSMUSP00000024706	0.821428571428571	171	NA	NA
ENSMUSP00000122463	0.878787878787879	102	NA	NA
ENSMUSP00000151305	0.917647058823529	173	NA	NA
ENSMUSP00000000127	0.807017543859649	174	NA	NA
ENSMUSP00000055455	0.789772727272727	179	NA	NA
ENSMUSP00000023259	0.907103825136612	186	NA	NA
ENSMUSP00000101503	0.853260869565217	187	NA	NA
ENSMUSP00000011285	0.796511627906977	175	NA	NA
ENSMUSP00000098620	0.761006289308176	162	NA	NA
ENSMUSP00000133529	0.834394904458599	160	NA	NA
ENSMUSP00000034243	0.773809523809524	171	NA	NA
ENSMUSP00000130957	0.902439024390244	167	NA	NA
ENSMUSP00000067053	0.75	19	NA	NA
ENSMUSP00000022494	0.962732919254658	164	NA	NA
ENSMUSP00000033570	0.843137254901961	105	NA	NA
ENSMUSP00000027623	0.827586206896552	177	NA	NA
ENSMUSP00000033871	0.776119402985075	137	NA	NA
ENSMUSP00000006367	0.886792452830189	109	NA	NA
ENSMUSP00000116090	0.792134831460674	181	NA	NA
ENSMUSP00000142452	0.836065573770492	186	NA	NA
ENSMUSP00000113511	0.814606741573034	181	NA	NA
ENSMUSP00000052095	0.846153846153846	81	NA	NA
ENSMUSP00000126428	0.8	48	NA	NA
ENSMUSP00000021652	0.807017543859649	174	NA	NA
ENSMUSP00000151697	0.785714285714286	171	NA	NA
ENSMUSP00000125836	0.751677852348993	152	NA	NA
ENSMUSP00000041008	0.918367346938776	52	NA	NA
ENSMUSP00000073244	0.817647058823529	173	NA	NA
ENSMUSP00000147966	0.975155279503106	164	NA	NA
ENSMUSP00000033006	0.758389261744966	152	NA	NA
ENSMUSP00000105527	0.85632183908046	177	NA	NA
ENSMUSP00000000153	0.827160493827161	165	NA	NA
ENSMUSP00000141814	0.816666666666667	183	NA	NA
ENSMUSP00000129224	0.956521739130435	164	NA	NA
ENSMUSP00000034527	0.751677852348993	152	NA	NA
ENSMUSP00000000727	0.868852459016393	186	NA	NA
ENSMUSP00000020634	0.829545454545455	91	NA	NA
ENSMUSP00000022497	0.784810126582278	161	NA	NA
ENSMUSP00000099506	0.878787878787879	168	NA	NA
ENSMUSP00000114171	0.868613138686131	140	NA	NA
ENSMUSP00000039763	0.775956284153005	186	NA	NA
ENSMUSP00000041872	0.789115646258503	150	NA	NA
ENSMUSP00000038970	0.880681818181818	179	NA	NA
ENSMUSP00000026985	0.876712328767123	149	NA	NA
ENSMUSP00000107604	0.763888888888889	147	NA	NA
ENSMUSP00000129503	0.888198757763975	164	NA	NA
ENSMUSP00000037332	0.813084112149533	110	NA	NA
ENSMUSP00000017637	0.848314606741573	181	NA	NA
ENSMUSP00000021045	0.8	148	NA	NA
ENSMUSP00000029947	1	4	NA	NA
ENSMUSP00000134687	0.834394904458599	160	NA	NA
ENSMUSP00000040078	0.895348837209302	175	NA	NA
ENSMUSP00000090086	0.788135593220339	121	NA	NA
ENSMUSP00000138310	0.846153846153846	159	NA	NA
ENSMUSP00000062092	0.832402234636871	182	NA	NA
ENSMUSP00000144187	0.764150943396226	109	NA	NA
ENSMUSP00000021536	0.888888888888889	174	NA	NA
ENSMUSP00000114906	0.80625	163	NA	NA
ENSMUSP00000095597	0.75	163	NA	NA
ENSMUSP00000041756	0.824675324675325	157	NA	NA
ENSMUSP00000129729	0.751445086705202	176	NA	NA
ENSMUSP00000141592	0.790960451977401	180	NA	NA
ENSMUSP00000138039	0.986301369863014	76	NA	NA
ENSMUSP00000133993	0.909774436090226	136	NA	NA
ENSMUSP00000010550	0.941176470588235	173	NA	NA
ENSMUSP00000020959	0.891428571428571	178	NA	NA
ENSMUSP00000003717	0.763005780346821	176	NA	NA
ENSMUSP00000033378	0.78	103	NA	NA
ENSMUSP00000010974	0.754601226993865	166	NA	NA
ENSMUSP00000037629	0.76027397260274	149	NA	NA
ENSMUSP00000096701	0.831168831168831	157	NA	NA
ENSMUSP00000125268	0.870229007633588	134	NA	NA
ENSMUSP00000094778	1	41	NA	NA
ENSMUSP00000015049	0.827380952380952	171	NA	NA
ENSMUSP00000116127	0.916666666666667	183	NA	NA
ENSMUSP00000105714	0.787096774193548	158	NA	NA
ENSMUSP00000004140	0.779816513761468	112	NA	NA
ENSMUSP00000108686	0.790540540540541	151	NA	NA
ENSMUSP00000032409	0.760869565217391	141	NA	NA
ENSMUSP00000025541	0.757763975155279	164	NA	NA
ENSMUSP00000021527	0.78021978021978	94	NA	NA
ENSMUSP00000043369	0.794871794871795	159	NA	NA
ENSMUSP00000025439	0.845588235294118	139	NA	NA
ENSMUSP00000029476	0.784810126582278	82	NA	NA
ENSMUSP00000102062	0.846774193548387	127	NA	NA
ENSMUSP00000018914	0.8	163	NA	NA
ENSMUSP00000030404	0.844155844155844	157	NA	NA
ENSMUSP00000064158	0.839779005524862	184	NA	NA
ENSMUSP00000070554	0.905027932960894	182	NA	NA
ENSMUSP00000080150	0.761904761904762	171	NA	NA
ENSMUSP00000152320	0.961325966850829	184	NA	NA
ENSMUSP00000020049	0.839080459770115	177	NA	NA
ENSMUSP00000050746	0.82183908045977	177	NA	NA
ENSMUSP00000043033	0.893491124260355	172	NA	NA
ENSMUSP00000036384	0.77	103	NA	NA
ENSMUSP00000042151	0.769230769230769	172	NA	NA
ENSMUSP00000153725	0.807692307692308	133	NA	NA
ENSMUSP00000151324	0.763313609467456	172	NA	NA
ENSMUSP00000116103	0.757575757575758	135	NA	NA
ENSMUSP00000120010	0.841530054644809	186	NA	NA
ENSMUSP00000107448	0.807692307692308	55	NA	NA
ENSMUSP00000063201	0.77710843373494	169	NA	NA
ENSMUSP00000019924	0.875	163	NA	NA
ENSMUSP00000044250	0.813953488372093	175	NA	NA
ENSMUSP00000041427	0.884615384615385	29	NA	NA
ENSMUSP00000108484	0.827272727272727	113	NA	NA
ENSMUSP00000032196	0.821138211382114	126	NA	NA
ENSMUSP00000114529	0.945578231292517	150	NA	NA
ENSMUSP00000113182	0.786885245901639	125	NA	NA
ENSMUSP00000034524	0.778571428571429	143	NA	NA
ENSMUSP00000101752	0.947674418604651	175	NA	NA
ENSMUSP00000115772	0.855345911949686	162	NA	NA
ENSMUSP00000025397	0.78021978021978	94	NA	NA
ENSMUSP00000111301	0.931428571428571	178	NA	NA
ENSMUSP00000025000	0.778481012658228	161	NA	NA
ENSMUSP00000021313	0.834285714285714	178	NA	NA
ENSMUSP00000096743	0.848484848484849	168	NA	NA
ENSMUSP00000041664	0.876623376623377	157	NA	NA
ENSMUSP00000022853	0.76	78	NA	NA
ENSMUSP00000114795	0.937853107344633	180	NA	NA
ENSMUSP00000102952	0.889570552147239	166	NA	NA
ENSMUSP00000030606	0.774834437086093	154	NA	NA
ENSMUSP00000036085	0.970760233918129	174	NA	NA
ENSMUSP00000098097	0.801470588235294	139	NA	NA
ENSMUSP00000078746	0.841059602649007	154	NA	NA
ENSMUSP00000022286	0.818965517241379	119	NA	NA
ENSMUSP00000159030	0.818713450292398	174	NA	NA
ENSMUSP00000030986	0.837837837837838	188	NA	NA
ENSMUSP00000089421	0.820224719101124	181	NA	NA
ENSMUSP00000074969	0.770186335403727	164	NA	NA
ENSMUSP00000023820	0.8125	179	NA	NA
ENSMUSP00000120077	0.871508379888268	182	NA	NA
ENSMUSP00000147405	0.794117647058823	71	NA	NA
ENSMUSP00000106318	0.841463414634146	167	NA	NA
ENSMUSP00000110978	0.758389261744966	152	NA	NA
ENSMUSP00000023061	0.765027322404372	186	NA	NA
ENSMUSP00000113439	0.913333333333333	153	NA	NA
ENSMUSP00000032080	0.812121212121212	168	NA	NA
ENSMUSP00000022499	0.822085889570552	166	NA	NA
ENSMUSP00000019143	0.775510204081633	52	NA	NA
ENSMUSP00000019911	0.891428571428571	178	NA	NA
ENSMUSP00000139255	0.755813953488372	175	NA	NA
ENSMUSP00000148522	0.768361581920904	180	NA	NA
ENSMUSP00000122066	0.774011299435028	180	NA	NA
ENSMUSP00000118617	0.763736263736264	185	NA	NA
ENSMUSP00000003121	0.794117647058823	37	NA	NA
ENSMUSP00000151551	0.815217391304348	95	NA	NA
ENSMUSP00000025598	0.875	107	NA	NA
ENSMUSP00000024827	0.775280898876405	181	NA	NA
ENSMUSP00000147339	0.793650793650794	129	NA	NA
ENSMUSP00000040171	0.788819875776398	164	NA	NA
ENSMUSP00000065966	0.956521739130435	187	NA	NA
ENSMUSP00000117583	0.929824561403509	174	NA	NA
ENSMUSP00000101439	0.794871794871795	159	NA	NA
ENSMUSP00000103483	0.766871165644172	166	NA	NA
ENSMUSP00000107661	0.778481012658228	161	NA	NA
ENSMUSP00000125156	0.77037037037037	138	NA	NA
ENSMUSP00000043092	0.810650887573965	172	NA	NA
ENSMUSP00000045384	0.759493670886076	161	NA	NA
ENSMUSP00000046748	0.813953488372093	89	NA	NA
ENSMUSP00000051457	0.810126582278481	161	NA	NA
ENSMUSP00000062412	0.802083333333333	99	NA	NA
ENSMUSP00000032888	0.878453038674033	184	NA	NA
ENSMUSP00000142513	0.810126582278481	161	NA	NA
ENSMUSP00000030898	0.754838709677419	158	NA	NA
ENSMUSP00000028593	0.775	163	NA	NA
ENSMUSP00000023630	0.924418604651163	175	NA	NA
ENSMUSP00000113262	0.949367088607595	82	NA	NA
ENSMUSP00000142974	0.918918918918919	77	NA	NA
ENSMUSP00000141774	0.798850574712644	177	NA	NA
ENSMUSP00000104836	0.895061728395062	165	NA	NA
ENSMUSP00000032191	0.903409090909091	179	NA	NA
ENSMUSP00000072018	0.808139534883721	175	NA	NA
ENSMUSP00000020653	0.87719298245614	174	NA	NA
ENSMUSP00000025406	0.922619047619048	171	NA	NA
ENSMUSP00000115503	0.861878453038674	184	NA	NA
ENSMUSP00000064366	0.771428571428571	178	NA	NA
ENSMUSP00000157953	0.827160493827161	165	NA	NA
ENSMUSP00000040765	0.870056497175141	180	NA	NA
ENSMUSP00000095276	0.860606060606061	168	NA	NA
ENSMUSP00000122260	0.782122905027933	182	NA	NA
ENSMUSP00000025805	0.885714285714286	108	NA	NA
ENSMUSP00000007559	0.773333333333333	153	NA	NA
ENSMUSP00000027743	0.751724137931034	148	NA	NA
ENSMUSP00000107656	0.929824561403509	174	NA	NA
ENSMUSP00000117360	0.86875	163	NA	NA
ENSMUSP00000023775	0.767441860465116	175	NA	NA
ENSMUSP00000098058	0.878504672897196	110	NA	NA
ENSMUSP00000030339	0.848101265822785	161	NA	NA
ENSMUSP00000130535	0.848920863309353	142	NA	NA
ENSMUSP00000134137	0.835164835164835	185	NA	NA
ENSMUSP00000047676	0.833333333333333	135	NA	NA
ENSMUSP00000134589	0.907608695652174	187	NA	NA
ENSMUSP00000030134	0.805309734513274	116	NA	NA
ENSMUSP00000140695	0.8	123	NA	NA
ENSMUSP00000122126	0.884210526315789	98	NA	NA
ENSMUSP00000057707	0.792	128	NA	NA
ENSMUSP00000076188	0.849397590361446	169	NA	NA
ENSMUSP00000044568	0.785714285714286	171	NA	NA
ENSMUSP00000030676	0.792899408284024	172	NA	NA
ENSMUSP00000014545	0.81021897810219	140	NA	NA
ENSMUSP00000096975	0.848837209302326	175	NA	NA
ENSMUSP00000134067	0.868965517241379	148	NA	NA
ENSMUSP00000086795	0.880952380952381	171	NA	NA
ENSMUSP00000154282	0.8	128	NA	NA
ENSMUSP00000063380	0.913461538461538	107	NA	NA
ENSMUSP00000104133	0.765060240963855	169	NA	NA
ENSMUSP00000068281	0.770186335403727	164	NA	NA
ENSMUSP00000109156	0.846590909090909	179	NA	NA
ENSMUSP00000140993	0.78698224852071	172	NA	NA
ENSMUSP00000041282	0.815533980582524	106	NA	NA
ENSMUSP00000046297	0.815286624203822	160	NA	NA
ENSMUSP00000123928	0.780346820809249	176	NA	NA
ENSMUSP00000133627	0.777777777777778	174	NA	NA
ENSMUSP00000060803	0.8	163	NA	NA
ENSMUSP00000130583	0.857142857142857	178	NA	NA
ENSMUSP00000042796	0.773809523809524	171	NA	NA
ENSMUSP00000105531	0.83974358974359	159	NA	NA
ENSMUSP00000138143	0.866279069767442	175	NA	NA
ENSMUSP00000154390	0.880681818181818	179	NA	NA
ENSMUSP00000020000	0.888235294117647	173	NA	NA
ENSMUSP00000087641	0.798561151079137	142	NA	NA
ENSMUSP00000029164	0.839779005524862	184	NA	NA
ENSMUSP00000116763	0.829268292682927	85	NA	NA
ENSMUSP00000136914	0.91812865497076	174	NA	NA
ENSMUSP00000151769	0.854430379746835	161	NA	NA
ENSMUSP00000075692	0.948275862068966	177	NA	NA
ENSMUSP00000022419	0.934210526315789	79	NA	NA
ENSMUSP00000022051	0.751824817518248	140	NA	NA
ENSMUSP00000026569	0.910828025477707	160	NA	NA
ENSMUSP00000042860	0.761627906976744	175	NA	NA
ENSMUSP00000154835	0.822085889570552	166	NA	NA
ENSMUSP00000076090	0.765432098765432	165	NA	NA
ENSMUSP00000029477	0.793103448275862	148	NA	NA
ENSMUSP00000112947	0.959537572254335	176	NA	NA
ENSMUSP00000015620	0.844311377245509	170	NA	NA
ENSMUSP00000138063	0.758620689655172	61	NA	NA
ENSMUSP00000034231	0.785714285714286	45	NA	NA
ENSMUSP00000083459	0.777777777777778	66	NA	NA
ENSMUSP00000114325	0.833333333333333	111	NA	NA
ENSMUSP00000002655	0.806896551724138	148	NA	NA
ENSMUSP00000152842	0.797385620915033	156	NA	NA
ENSMUSP00000055892	0.836477987421384	162	NA	NA
ENSMUSP00000031472	0.818713450292398	174	NA	NA
ENSMUSP00000049025	0.775862068965517	177	NA	NA
ENSMUSP00000108467	0.792592592592593	138	NA	NA
ENSMUSP00000135679	0.763736263736264	185	NA	NA
ENSMUSP00000020896	0.763636363636364	168	NA	NA
ENSMUSP00000122735	0.951515151515152	168	NA	NA
ENSMUSP00000038972	0.754285714285714	178	NA	NA
ENSMUSP00000043332	0.846625766871166	166	NA	NA
ENSMUSP00000001713	0.85981308411215	110	NA	NA
ENSMUSP00000000365	0.900552486187845	184	NA	NA
ENSMUSP00000022867	0.858024691358025	165	NA	NA
ENSMUSP00000127596	0.981132075471698	162	NA	NA
ENSMUSP00000026607	0.972413793103448	148	NA	NA
ENSMUSP00000093536	0.785310734463277	180	NA	NA
ENSMUSP00000022122	0.808917197452229	160	NA	NA
ENSMUSP00000026927	0.936305732484076	160	NA	NA
ENSMUSP00000146259	0.857142857142857	150	NA	NA
ENSMUSP00000110755	0.825842696629214	181	NA	NA
ENSMUSP00000028103	0.779310344827586	148	NA	NA
ENSMUSP00000147260	0.926829268292683	167	NA	NA
ENSMUSP00000079295	0.795580110497238	184	NA	NA
ENSMUSP00000099324	0.813186813186813	94	NA	NA
ENSMUSP00000068807	0.884057971014493	141	NA	NA
ENSMUSP00000073304	0.930232558139535	175	NA	NA
ENSMUSP00000007248	0.844444444444444	138	NA	NA
ENSMUSP00000099756	0.816568047337278	172	NA	NA
ENSMUSP00000029085	0.816326530612245	150	NA	NA
ENSMUSP00000129269	0.793893129770992	134	NA	NA
ENSMUSP00000014913	0.875776397515528	164	NA	NA
ENSMUSP00000142803	0.94	153	NA	NA
ENSMUSP00000002320	0.8	183	NA	NA
ENSMUSP00000121679	0.920529801324503	154	NA	NA
ENSMUSP00000118482	0.752577319587629	100	NA	NA
ENSMUSP00000104937	0.879518072289157	169	NA	NA
ENSMUSP00000023734	0.75625	163	NA	NA
ENSMUSP00000032309	0.833333333333333	129	NA	NA
ENSMUSP00000076769	0.961111111111111	183	NA	NA
ENSMUSP00000122507	0.764044943820225	181	NA	NA
ENSMUSP00000134664	0.795180722891566	169	NA	NA
ENSMUSP00000065393	0.792899408284024	172	NA	NA
ENSMUSP00000123514	0.934426229508197	186	NA	NA
ENSMUSP00000078682	0.754716981132076	162	NA	NA
ENSMUSP00000012279	0.825	163	NA	NA
ENSMUSP00000018353	0.776699029126214	106	NA	NA
ENSMUSP00000121233	0.797619047619048	171	NA	NA
ENSMUSP00000042785	0.843373493975904	169	NA	NA
ENSMUSP00000043633	0.786163522012579	162	NA	NA
ENSMUSP00000025875	0.810606060606061	135	NA	NA
ENSMUSP00000087269	0.833333333333333	183	NA	NA
ENSMUSP00000117509	0.841269841269841	129	NA	NA
ENSMUSP00000005256	0.825242718446602	106	NA	NA
ENSMUSP00000118619	0.82051282051282	159	NA	NA
ENSMUSP00000055619	0.763736263736264	185	NA	NA
ENSMUSP00000154515	0.964539007092199	144	NA	NA
ENSMUSP00000070325	0.967213114754098	186	NA	NA
ENSMUSP00000114402	0.891566265060241	169	NA	NA
ENSMUSP00000088265	0.96551724137931	90	NA	NA
ENSMUSP00000113587	0.757062146892655	180	NA	NA
ENSMUSP00000068677	0.757763975155279	164	NA	NA
ENSMUSP00000035105	0.919753086419753	165	NA	NA
ENSMUSP00000068932	0.770114942528736	90	NA	NA
ENSMUSP00000142570	0.775862068965517	61	NA	NA
ENSMUSP00000092746	0.966101694915254	180	NA	NA
ENSMUSP00000109196	0.784172661870504	142	NA	NA
ENSMUSP00000031591	0.789156626506024	169	NA	NA
ENSMUSP00000033060	0.75	147	NA	NA
ENSMUSP00000056693	0.802721088435374	150	NA	NA
ENSMUSP00000151693	0.880794701986755	154	NA	NA
ENSMUSP00000030254	0.892045454545455	179	NA	NA
ENSMUSP00000077996	0.92485549132948	176	NA	NA
ENSMUSP00000009693	0.95364238410596	154	NA	NA
ENSMUSP00000024897	0.898550724637681	141	NA	NA
ENSMUSP00000021297	0.859259259259259	138	NA	NA
ENSMUSP00000034632	0.880681818181818	179	NA	NA
ENSMUSP00000145799	0.913793103448276	177	NA	NA
ENSMUSP00000004959	0.761904761904762	87	NA	NA
ENSMUSP00000032879	0.837988826815642	182	NA	NA
ENSMUSP00000058237	0.83695652173913	187	NA	NA
ENSMUSP00000147836	0.880681818181818	179	NA	NA
ENSMUSP00000042716	0.797202797202797	146	NA	NA
ENSMUSP00000110277	0.854748603351955	182	NA	NA
ENSMUSP00000025462	0.908496732026144	156	NA	NA
ENSMUSP00000112791	0.959302325581395	175	NA	NA
ENSMUSP00000031264	0.885057471264368	177	NA	NA
ENSMUSP00000063812	0.863354037267081	164	NA	NA
ENSMUSP00000029648	0.76271186440678	180	NA	NA
ENSMUSP00000157515	0.914634146341463	167	NA	NA
ENSMUSP00000125874	0.782608695652174	187	NA	NA
ENSMUSP00000031058	0.828767123287671	149	NA	NA
ENSMUSP00000142124	0.962162162162162	188	NA	NA
ENSMUSP00000158005	0.834437086092715	154	NA	NA
ENSMUSP00000122220	0.837209302325581	89	NA	NA
ENSMUSP00000099565	0.842105263157895	155	NA	NA
ENSMUSP00000014892	0.753086419753086	84	NA	NA
ENSMUSP00000003413	0.766666666666667	153	NA	NA
ENSMUSP00000153452	0.975806451612903	127	NA	NA
ENSMUSP00000152439	0.806451612903226	127	NA	NA
ENSMUSP00000052755	0.767295597484277	162	NA	NA
ENSMUSP00000030348	0.897058823529412	71	NA	NA
ENSMUSP00000099660	0.927710843373494	169	NA	NA
ENSMUSP00000047457	0.945355191256831	186	NA	NA
ENSMUSP00000034903	0.888059701492537	137	NA	NA
ENSMUSP00000107576	0.75	151	NA	NA
ENSMUSP00000040522	0.844036697247706	112	NA	NA
ENSMUSP00000106519	0.895953757225434	176	NA	NA
ENSMUSP00000116373	0.949720670391061	182	NA	NA
ENSMUSP00000101687	0.7625	163	NA	NA
ENSMUSP00000133281	0.844311377245509	170	NA	NA
ENSMUSP00000106111	0.875	27	NA	NA
ENSMUSP00000116455	0.760233918128655	174	NA	NA
ENSMUSP00000029845	0.782608695652174	49	NA	NA
ENSMUSP00000119102	0.936507936507937	129	NA	NA
ENSMUSP00000020643	0.825	163	NA	NA
ENSMUSP00000001384	0.753846153846154	133	NA	NA
ENSMUSP00000084445	0.866666666666667	183	NA	NA
ENSMUSP00000102266	0.830769230769231	68	NA	NA
ENSMUSP00000122962	0.755555555555556	93	NA	NA
ENSMUSP00000023826	0.772727272727273	69	NA	NA
ENSMUSP00000132922	0.782608695652174	141	NA	NA
ENSMUSP00000033720	0.855345911949686	162	NA	NA
ENSMUSP00000138901	0.882022471910112	181	NA	NA
ENSMUSP00000117588	0.938202247191011	181	NA	NA
ENSMUSP00000109247	0.811111111111111	183	NA	NA
ENSMUSP00000028360	0.823076923076923	133	NA	NA
ENSMUSP00000101481	0.778761061946903	116	NA	NA
ENSMUSP00000088174	0.833333333333333	153	NA	NA
ENSMUSP00000043462	0.781420765027322	186	NA	NA
ENSMUSP00000109257	0.891891891891892	151	NA	NA
ENSMUSP00000113460	0.855491329479769	176	NA	NA
ENSMUSP00000105252	0.915151515151515	168	NA	NA
ENSMUSP00000016463	0.861111111111111	147	NA	NA
ENSMUSP00000048262	0.761006289308176	162	NA	NA
ENSMUSP00000063276	0.786666666666667	153	NA	NA
ENSMUSP00000016680	0.781954887218045	136	NA	NA
ENSMUSP00000038387	0.772727272727273	179	NA	NA
ENSMUSP00000050940	0.785714285714286	171	NA	NA
ENSMUSP00000031351	0.757142857142857	143	NA	NA
ENSMUSP00000015540	0.864197530864197	165	NA	NA
ENSMUSP00000134793	0.880952380952381	171	NA	NA
ENSMUSP00000021338	0.752941176470588	173	NA	NA
ENSMUSP00000113832	0.783018867924528	109	NA	NA
ENSMUSP00000051864	0.842105263157895	98	NA	NA
ENSMUSP00000020967	0.755681818181818	179	NA	NA
ENSMUSP00000047218	0.861635220125786	162	NA	NA
ENSMUSP00000148220	0.767123287671233	149	NA	NA
ENSMUSP00000023913	0.817567567567568	151	NA	NA
ENSMUSP00000016279	0.79020979020979	146	NA	NA
ENSMUSP00000114309	0.859756097560976	167	NA	NA
ENSMUSP00000073161	0.779220779220779	157	NA	NA
ENSMUSP00000075283	0.75	79	NA	NA
ENSMUSP00000033444	0.78343949044586	160	NA	NA
ENSMUSP00000111022	0.903954802259887	180	NA	NA
ENSMUSP00000020949	0.92814371257485	170	NA	NA
ENSMUSP00000033036	0.773255813953488	175	NA	NA
ENSMUSP00000028644	0.841176470588235	173	NA	NA
ENSMUSP00000114094	0.813008130081301	126	NA	NA
ENSMUSP00000021684	0.778443113772455	170	NA	NA
ENSMUSP00000020962	0.891025641025641	159	NA	NA
ENSMUSP00000134028	0.866071428571429	115	NA	NA
ENSMUSP00000113720	0.82312925170068	150	NA	NA
ENSMUSP00000003762	0.910112359550562	181	NA	NA
ENSMUSP00000156400	0.878205128205128	159	NA	NA
ENSMUSP00000022993	0.777027027027027	151	NA	NA
ENSMUSP00000028981	0.769230769230769	146	NA	NA
ENSMUSP00000137812	0.945945945945946	77	NA	NA
ENSMUSP00000137853	0.825136612021858	186	NA	NA
ENSMUSP00000070682	0.76551724137931	148	NA	NA
ENSMUSP00000110524	0.91875	163	NA	NA
ENSMUSP00000025046	0.763779527559055	130	NA	NA
ENSMUSP00000088935	0.843137254901961	105	NA	NA
ENSMUSP00000028727	0.80625	163	NA	NA
ENSMUSP00000108302	0.910344827586207	148	NA	NA
ENSMUSP00000005714	0.845238095238095	171	NA	NA
ENSMUSP00000035163	0.830188679245283	162	NA	NA
ENSMUSP00000118239	0.811428571428571	178	NA	NA
ENSMUSP00000053871	0.777777777777778	174	NA	NA
ENSMUSP00000020851	0.805555555555556	183	NA	NA
ENSMUSP00000142701	0.911602209944751	184	NA	NA
ENSMUSP00000025682	0.796052631578947	155	NA	NA
ENSMUSP00000134927	0.76056338028169	145	NA	NA
ENSMUSP00000028302	0.763636363636364	113	NA	NA
ENSMUSP00000031508	0.842767295597484	162	NA	NA
ENSMUSP00000146093	0.8625	163	NA	NA
ENSMUSP00000074619	0.797814207650273	186	NA	NA
ENSMUSP00000147025	0.76978417266187	142	NA	NA
ENSMUSP00000027973	0.871287128712871	104	NA	NA
ENSMUSP00000077301	0.783132530120482	86	NA	NA
ENSMUSP00000012028	0.80952380952381	150	NA	NA
ENSMUSP00000064761	0.878205128205128	159	NA	NA
ENSMUSP00000044317	0.753086419753086	84	NA	NA
ENSMUSP00000107523	0.880952380952381	45	NA	NA
ENSMUSP00000050469	0.914772727272727	179	NA	NA
ENSMUSP00000120917	0.8	183	NA	NA
ENSMUSP00000032429	0.77639751552795	164	NA	NA
ENSMUSP00000020971	0.89051094890511	140	NA	NA
ENSMUSP00000064865	0.848837209302326	89	NA	NA
ENSMUSP00000056433	0.927272727272727	168	NA	NA
ENSMUSP00000107738	0.880952380952381	129	NA	NA
ENSMUSP00000139142	0.92972972972973	188	NA	NA
ENSMUSP00000041644	0.965317919075145	176	NA	NA
ENSMUSP00000116885	0.790322580645161	65	NA	NA
ENSMUSP00000029698	0.779069767441861	89	NA	NA
ENSMUSP00000128574	0.872222222222222	183	NA	NA
ENSMUSP00000139836	0.973154362416107	152	NA	NA
ENSMUSP00000141070	0.834319526627219	172	NA	NA
ENSMUSP00000056276	0.848314606741573	181	NA	NA
ENSMUSP00000031866	0.84375	67	NA	NA
ENSMUSP00000123429	0.768518518518518	111	NA	NA
ENSMUSP00000001184	0.838150289017341	176	NA	NA
ENSMUSP00000099435	0.917808219178082	149	NA	NA
ENSMUSP00000022816	0.846938775510204	101	NA	NA
ENSMUSP00000051569	0.761111111111111	183	NA	NA
ENSMUSP00000072107	0.771604938271605	165	NA	NA
ENSMUSP00000104251	0.901515151515151	135	NA	NA
ENSMUSP00000142054	0.813725490196078	105	NA	NA
ENSMUSP00000084259	0.839285714285714	171	NA	NA
ENSMUSP00000077628	0.76878612716763	176	NA	NA
ENSMUSP00000108492	0.956284153005464	186	NA	NA
ENSMUSP00000142829	0.834532374100719	142	NA	NA
ENSMUSP00000136104	0.820224719101124	181	NA	NA
ENSMUSP00000139396	0.972222222222222	183	NA	NA
ENSMUSP00000137726	0.971830985915493	74	NA	NA
ENSMUSP00000071687	0.770833333333333	147	NA	NA
ENSMUSP00000032372	0.804054054054054	151	NA	NA
ENSMUSP00000108261	0.88125	163	NA	NA
ENSMUSP00000032501	0.814606741573034	181	NA	NA
ENSMUSP00000148472	0.905882352941176	173	NA	NA
ENSMUSP00000090443	0.864864864864865	77	NA	NA
ENSMUSP00000045647	0.770491803278688	186	NA	NA
ENSMUSP00000026595	0.815642458100559	182	NA	NA
ENSMUSP00000028350	0.784722222222222	147	NA	NA
ENSMUSP00000115949	0.870056497175141	180	NA	NA
ENSMUSP00000105303	0.916666666666667	183	NA	NA
ENSMUSP00000148682	0.807692307692308	159	NA	NA
ENSMUSP00000078690	0.838509316770186	164	NA	NA
ENSMUSP00000005053	0.75	171	NA	NA
ENSMUSP00000030491	0.826086956521739	164	NA	NA
ENSMUSP00000026092	0.832298136645963	164	NA	NA
ENSMUSP00000046514	0.806451612903226	127	NA	NA
ENSMUSP00000029900	0.810810810810811	77	NA	NA
ENSMUSP00000050907	0.755555555555556	93	NA	NA
ENSMUSP00000027125	0.791946308724832	152	NA	NA
ENSMUSP00000125752	0.809815950920245	166	NA	NA
ENSMUSP00000021207	0.84	178	NA	NA
ENSMUSP00000136589	0.798850574712644	177	NA	NA
ENSMUSP00000033182	0.806451612903226	96	NA	NA
ENSMUSP00000105483	0.883435582822086	166	NA	NA
ENSMUSP00000044363	0.751592356687898	160	NA	NA
ENSMUSP00000081670	0.829787234042553	97	NA	NA
ENSMUSP00000115534	0.763636363636364	168	NA	NA
ENSMUSP00000021001	0.754838709677419	158	NA	NA
ENSMUSP00000076951	0.840909090909091	47	NA	NA
ENSMUSP00000102552	0.764705882352941	173	NA	NA
ENSMUSP00000123523	0.83695652173913	187	NA	NA
ENSMUSP00000066238	0.824561403508772	117	NA	NA
ENSMUSP00000033800	0.836879432624113	144	NA	NA
ENSMUSP00000063508	0.838709677419355	158	NA	NA
ENSMUSP00000119533	0.83695652173913	187	NA	NA
ENSMUSP00000095270	0.814814814814815	138	NA	NA
ENSMUSP00000114655	0.994318181818182	179	NA	NA
ENSMUSP00000027012	0.871428571428571	143	NA	NA
ENSMUSP00000099480	0.851063829787234	144	NA	NA
ENSMUSP00000000759	0.778443113772455	170	NA	NA
ENSMUSP00000030489	0.888888888888889	174	NA	NA
ENSMUSP00000119152	0.839779005524862	184	NA	NA
ENSMUSP00000112320	0.768361581920904	180	NA	NA
ENSMUSP00000047774	0.772972972972973	188	NA	NA
ENSMUSP00000156607	0.801470588235294	139	NA	NA
ENSMUSP00000022341	0.821428571428571	115	NA	NA
ENSMUSP00000017610	0.939024390243902	167	NA	NA
ENSMUSP00000042602	0.765625	131	NA	NA
ENSMUSP00000107331	0.923976608187134	174	NA	NA
ENSMUSP00000150376	0.85981308411215	110	NA	NA
ENSMUSP00000118105	0.945205479452055	149	NA	NA
ENSMUSP00000054634	0.8671875	131	NA	NA
ENSMUSP00000138649	0.766666666666667	93	NA	NA
ENSMUSP00000023781	0.761904761904762	150	NA	NA
ENSMUSP00000072322	0.894736842105263	117	NA	NA
ENSMUSP00000148134	0.76875	163	NA	NA
ENSMUSP00000053056	0.766355140186916	110	NA	NA
ENSMUSP00000120002	0.817073170731707	85	NA	NA
ENSMUSP00000155986	0.877358490566038	109	NA	NA
ENSMUSP00000153933	0.805194805194805	157	NA	NA
ENSMUSP00000109829	0.758064516129032	127	NA	NA
ENSMUSP00000042918	0.789473684210526	155	NA	NA
ENSMUSP00000033040	0.802816901408451	145	NA	NA
ENSMUSP00000134685	0.901234567901235	165	NA	NA
ENSMUSP00000138112	0.830409356725146	174	NA	NA
ENSMUSP00000043074	0.869047619047619	171	NA	NA
ENSMUSP00000075067	0.794520547945205	149	NA	NA
ENSMUSP00000021888	0.771739130434783	95	NA	NA
ENSMUSP00000044570	0.78125	163	NA	NA
ENSMUSP00000033731	0.788732394366197	145	NA	NA
ENSMUSP00000110398	0.75	151	NA	NA
ENSMUSP00000003645	0.875739644970414	172	NA	NA
ENSMUSP00000023150	0.780346820809249	176	NA	NA
ENSMUSP00000118797	0.781065088757396	172	NA	NA
ENSMUSP00000109305	0.838926174496644	152	NA	NA
ENSMUSP00000064622	0.879781420765027	186	NA	NA
ENSMUSP00000155332	0.793548387096774	158	NA	NA
ENSMUSP00000156061	0.828402366863905	172	NA	NA
ENSMUSP00000095316	0.760736196319018	166	NA	NA
ENSMUSP00000032263	0.805031446540881	162	NA	NA
ENSMUSP00000068195	0.782608695652174	26	NA	NA
ENSMUSP00000119276	0.967213114754098	125	NA	NA
ENSMUSP00000030145	0.776785714285714	115	NA	NA
ENSMUSP00000114572	0.795275590551181	130	NA	NA
ENSMUSP00000138479	0.857142857142857	87	NA	NA
ENSMUSP00000020312	0.76271186440678	180	NA	NA
ENSMUSP00000074259	0.827956989247312	96	NA	NA
ENSMUSP00000108148	0.776223776223776	146	NA	NA
ENSMUSP00000031131	0.883720930232558	175	NA	NA
ENSMUSP00000032571	0.879310344827586	177	NA	NA
ENSMUSP00000122930	0.788888888888889	183	NA	NA
ENSMUSP00000048469	0.801369863013699	149	NA	NA
ENSMUSP00000120456	0.762820512820513	159	NA	NA
ENSMUSP00000031709	0.780645161290323	158	NA	NA
ENSMUSP00000114475	0.824324324324324	77	NA	NA
ENSMUSP00000159180	0.765822784810127	161	NA	NA
ENSMUSP00000123293	0.840659340659341	185	NA	NA
ENSMUSP00000004173	0.905797101449275	141	NA	NA
ENSMUSP00000019354	0.947712418300654	156	NA	NA
ENSMUSP00000035800	0.768	128	NA	NA
ENSMUSP00000065096	0.813559322033898	180	NA	NA
ENSMUSP00000018630	0.865853658536585	167	NA	NA
ENSMUSP00000027727	0.761061946902655	116	NA	NA
ENSMUSP00000045304	0.8125	131	NA	NA
ENSMUSP00000117478	0.817142857142857	178	NA	NA
ENSMUSP00000033929	0.907514450867052	176	NA	NA
ENSMUSP00000120719	0.8	168	NA	NA
ENSMUSP00000103866	0.796407185628742	170	NA	NA
ENSMUSP00000124571	0.929347826086957	187	NA	NA
ENSMUSP00000149642	0.794326241134752	144	NA	NA
ENSMUSP00000107008	0.753012048192771	169	NA	NA
ENSMUSP00000034912	0.862637362637363	185	NA	NA
ENSMUSP00000089169	0.854651162790698	175	NA	NA
ENSMUSP00000028087	0.805084745762712	121	NA	NA
ENSMUSP00000079692	0.776315789473684	79	NA	NA
ENSMUSP00000044441	0.751677852348993	152	NA	NA
ENSMUSP00000083193	0.766666666666667	153	NA	NA
ENSMUSP00000147733	0.787878787878788	168	NA	NA
ENSMUSP00000112662	0.806451612903226	158	NA	NA
ENSMUSP00000102293	0.8125	147	NA	NA
ENSMUSP00000043120	0.903448275862069	148	NA	NA
ENSMUSP00000021734	0.93491124260355	172	NA	NA
ENSMUSP00000022461	0.901639344262295	125	NA	NA
ENSMUSP00000148446	0.853107344632768	180	NA	NA
ENSMUSP00000110741	0.85207100591716	172	NA	NA
ENSMUSP00000062566	0.933823529411765	139	NA	NA
ENSMUSP00000022781	0.874172185430464	154	NA	NA
ENSMUSP00000149670	0.870967741935484	127	NA	NA
ENSMUSP00000065631	0.865030674846626	166	NA	NA
ENSMUSP00000025617	0.927152317880795	154	NA	NA
ENSMUSP00000032500	0.927374301675978	182	NA	NA
ENSMUSP00000030578	0.855421686746988	86	NA	NA
ENSMUSP00000071624	0.928	128	NA	NA
ENSMUSP00000118970	0.876543209876543	84	NA	NA
ENSMUSP00000154865	0.861635220125786	162	NA	NA
ENSMUSP00000030696	0.914893617021277	144	NA	NA
ENSMUSP00000152732	0.92	178	NA	NA
ENSMUSP00000052328	0.970238095238095	171	NA	NA
ENSMUSP00000030622	0.795321637426901	174	NA	NA
ENSMUSP00000079026	0.75625	163	NA	NA
ENSMUSP00000104976	0.832214765100671	152	NA	NA
ENSMUSP00000056188	0.863095238095238	171	NA	NA
ENSMUSP00000026661	0.833333333333333	147	NA	NA
ENSMUSP00000027643	0.905660377358491	162	NA	NA
ENSMUSP00000127853	0.75	155	NA	NA
ENSMUSP00000020316	0.824427480916031	134	NA	NA
ENSMUSP00000155556	0.863636363636364	179	NA	NA
ENSMUSP00000029034	0.84375	131	NA	NA
ENSMUSP00000136527	0.894736842105263	136	NA	NA
ENSMUSP00000021329	0.752688172043011	96	NA	NA
ENSMUSP00000042406	0.819047619047619	108	NA	NA
ENSMUSP00000112195	0.939890710382514	186	NA	NA
ENSMUSP00000061683	0.784530386740331	184	NA	NA
ENSMUSP00000110491	0.774193548387097	158	NA	NA
ENSMUSP00000037557	0.840659340659341	185	NA	NA
ENSMUSP00000020315	0.777777777777778	156	NA	NA
ENSMUSP00000138522	0.884353741496599	150	NA	NA
ENSMUSP00000071325	0.956284153005464	186	NA	NA
ENSMUSP00000021772	0.772151898734177	161	NA	NA
ENSMUSP00000059741	0.754098360655738	186	NA	NA
ENSMUSP00000022429	0.808	128	NA	NA
ENSMUSP00000097144	0.873493975903614	169	NA	NA
ENSMUSP00000049007	0.837988826815642	182	NA	NA
ENSMUSP00000043436	0.865079365079365	129	NA	NA
ENSMUSP00000064823	0.919075144508671	176	NA	NA
ENSMUSP00000059273	0.789855072463768	141	NA	NA
ENSMUSP00000015000	0.767955801104972	184	NA	NA
ENSMUSP00000154758	0.796052631578947	155	NA	NA
ENSMUSP00000102386	0.8	173	NA	NA
ENSMUSP00000133651	0.769230769230769	172	NA	NA
ENSMUSP00000106720	0.805555555555556	183	NA	NA
ENSMUSP00000031540	0.778523489932886	152	NA	NA
ENSMUSP00000059983	0.781818181818182	168	NA	NA
ENSMUSP00000044993	0.756756756756757	151	NA	NA
ENSMUSP00000039172	0.77	103	NA	NA
ENSMUSP00000090130	0.756410256410256	159	NA	NA
ENSMUSP00000108128	0.773722627737226	140	NA	NA
ENSMUSP00000044280	0.894117647058824	88	NA	NA
ENSMUSP00000027444	0.88622754491018	170	NA	NA
ENSMUSP00000036031	0.754716981132076	162	NA	NA
ENSMUSP00000026211	0.934640522875817	156	NA	NA
ENSMUSP00000060584	0.80952380952381	150	NA	NA
ENSMUSP00000077716	0.817647058823529	173	NA	NA
ENSMUSP00000081043	0.887417218543046	154	NA	NA
ENSMUSP00000125149	0.866666666666667	183	NA	NA
ENSMUSP00000096755	0.764705882352941	139	NA	NA
ENSMUSP00000049161	0.848484848484849	168	NA	NA
ENSMUSP00000033156	0.753424657534247	149	NA	NA
ENSMUSP00000029388	0.784810126582278	82	NA	NA
ENSMUSP00000020856	0.825581395348837	89	NA	NA
ENSMUSP00000114873	0.905660377358491	109	NA	NA
ENSMUSP00000007449	0.770700636942675	160	NA	NA
ENSMUSP00000079238	0.905660377358491	162	NA	NA
ENSMUSP00000134133	0.877094972067039	182	NA	NA
ENSMUSP00000023673	0.804123711340206	100	NA	NA
ENSMUSP00000143910	0.882352941176471	173	NA	NA
ENSMUSP00000071421	0.786585365853659	167	NA	NA
ENSMUSP00000125601	0.793478260869565	95	NA	NA
ENSMUSP00000043113	0.779761904761905	171	NA	NA
ENSMUSP00000066222	0.95	103	NA	NA
ENSMUSP00000062046	0.91304347826087	72	NA	NA
ENSMUSP00000031399	0.831395348837209	175	NA	NA
ENSMUSP00000060779	0.939890710382514	186	NA	NA
ENSMUSP00000044627	0.792682926829268	167	NA	NA
ENSMUSP00000022895	0.81021897810219	140	NA	NA
ENSMUSP00000120886	0.909090909090909	80	NA	NA
ENSMUSP00000119234	0.841772151898734	161	NA	NA
ENSMUSP00000079268	0.786585365853659	167	NA	NA
ENSMUSP00000109833	0.846153846153846	159	NA	NA
ENSMUSP00000021920	0.782352941176471	173	NA	NA
ENSMUSP00000079699	0.758064516129032	65	NA	NA
ENSMUSP00000025166	0.766467065868264	170	NA	NA
ENSMUSP00000097655	0.945945945945946	188	NA	NA
ENSMUSP00000110389	0.881987577639752	164	NA	NA
ENSMUSP00000029673	0.774834437086093	154	NA	NA
ENSMUSP00000039507	0.829113924050633	161	NA	NA
ENSMUSP00000044926	0.873684210526316	98	NA	NA
ENSMUSP00000117483	0.910614525139665	182	NA	NA
ENSMUSP00000122143	0.798882681564246	182	NA	NA
ENSMUSP00000031099	0.869565217391304	164	NA	NA
ENSMUSP00000056131	0.876288659793814	100	NA	NA
ENSMUSP00000059212	0.801242236024845	164	NA	NA
ENSMUSP00000146550	0.882978723404255	97	NA	NA
ENSMUSP00000028346	0.888198757763975	164	NA	NA
ENSMUSP00000021513	0.901098901098901	185	NA	NA
ENSMUSP00000135556	0.9875	163	NA	NA
ENSMUSP00000078988	0.840236686390533	172	NA	NA
ENSMUSP00000119782	0.876404494382023	181	NA	NA
ENSMUSP00000151353	0.925714285714286	178	NA	NA
ENSMUSP00000104649	0.76969696969697	168	NA	NA
ENSMUSP00000113924	0.806451612903226	96	NA	NA
ENSMUSP00000158296	0.916167664670659	170	NA	NA
ENSMUSP00000029049	0.833333333333333	81	NA	NA
ENSMUSP00000064926	0.862068965517241	177	NA	NA
ENSMUSP00000094326	0.759259259259259	165	NA	NA
ENSMUSP00000147879	0.752747252747253	185	NA	NA
ENSMUSP00000027740	0.816666666666667	123	NA	NA
ENSMUSP00000025464	0.898305084745763	180	NA	NA
ENSMUSP00000157466	0.826086956521739	187	NA	NA
ENSMUSP00000027792	0.834319526627219	172	NA	NA
ENSMUSP00000122692	0.782608695652174	49	NA	NA
ENSMUSP00000034612	0.791411042944785	166	NA	NA
ENSMUSP00000078886	0.807453416149068	164	NA	NA
ENSMUSP00000024794	0.81547619047619	171	NA	NA
ENSMUSP00000137867	0.832335329341317	170	NA	NA
ENSMUSP00000123234	0.833333333333333	111	NA	NA
ENSMUSP00000034012	0.8	123	NA	NA
ENSMUSP00000115921	0.823529411764706	173	NA	NA
ENSMUSP00000049044	0.763005780346821	176	NA	NA
ENSMUSP00000058877	0.820143884892086	142	NA	NA
ENSMUSP00000027149	0.770833333333333	147	NA	NA
ENSMUSP00000024107	0.906832298136646	164	NA	NA
ENSMUSP00000076459	0.849162011173184	182	NA	NA
ENSMUSP00000105792	0.801324503311258	154	NA	NA
ENSMUSP00000112011	0.810457516339869	156	NA	NA
ENSMUSP00000155780	0.788235294117647	88	NA	NA
ENSMUSP00000099855	0.84472049689441	164	NA	NA
ENSMUSP00000151616	0.846666666666667	153	NA	NA
ENSMUSP00000023087	0.757142857142857	73	NA	NA
ENSMUSP00000099764	0.786885245901639	64	NA	NA
ENSMUSP00000124931	0.758823529411765	173	NA	NA
ENSMUSP00000142157	0.904761904761905	150	NA	NA
ENSMUSP00000078584	0.912280701754386	174	NA	NA
ENSMUSP00000026016	0.904761904761905	129	NA	NA
ENSMUSP00000138555	0.760736196319018	166	NA	NA
ENSMUSP00000042153	0.756302521008403	122	NA	NA
ENSMUSP00000115852	0.924324324324324	188	NA	NA
ENSMUSP00000158943	0.759036144578313	169	NA	NA
ENSMUSP00000041912	0.804347826086957	141	NA	NA
ENSMUSP00000155439	0.915254237288136	180	NA	NA
ENSMUSP00000146878	0.910714285714286	171	NA	NA
ENSMUSP00000119607	0.909090909090909	157	NA	NA
ENSMUSP00000038589	0.873417721518987	161	NA	NA
ENSMUSP00000120240	0.787878787878788	135	NA	NA
ENSMUSP00000109611	0.955555555555556	183	NA	NA
ENSMUSP00000022150	0.810975609756098	167	NA	NA
ENSMUSP00000096549	0.819209039548023	180	NA	NA
ENSMUSP00000042803	0.826589595375723	176	NA	NA
ENSMUSP00000034973	0.83974358974359	159	NA	NA
ENSMUSP00000061835	0.847133757961783	160	NA	NA
ENSMUSP00000022197	0.824	128	NA	NA
ENSMUSP00000137260	0.777777777777778	183	NA	NA
ENSMUSP00000112469	0.807017543859649	174	NA	NA
ENSMUSP00000023562	0.837837837837838	188	NA	NA
ENSMUSP00000118354	0.92156862745098	156	NA	NA
ENSMUSP00000027339	0.91304347826087	118	NA	NA
ENSMUSP00000098429	0.884146341463415	167	NA	NA
ENSMUSP00000157107	0.766233766233766	157	NA	NA
ENSMUSP00000148506	0.764331210191083	160	NA	NA
ENSMUSP00000030243	0.816326530612245	150	NA	NA
ENSMUSP00000010198	0.838383838383838	102	NA	NA
ENSMUSP00000098802	0.808333333333333	123	NA	NA
ENSMUSP00000104957	0.873333333333333	153	NA	NA
ENSMUSP00000123685	0.897435897435897	120	NA	NA
ENSMUSP00000152290	0.921348314606742	181	NA	NA
ENSMUSP00000023171	0.802469135802469	84	NA	NA
ENSMUSP00000141766	0.822222222222222	183	NA	NA
ENSMUSP00000027529	0.783132530120482	169	NA	NA
ENSMUSP00000130004	0.912280701754386	117	NA	NA
ENSMUSP00000031383	0.858823529411765	173	NA	NA
ENSMUSP00000039357	0.84297520661157	124	NA	NA
ENSMUSP00000022894	0.789156626506024	169	NA	NA
ENSMUSP00000057751	0.943396226415094	162	NA	NA
ENSMUSP00000119827	0.84393063583815	176	NA	NA
ENSMUSP00000030202	0.890909090909091	168	NA	NA
ENSMUSP00000065613	0.798319327731092	122	NA	NA
ENSMUSP00000113624	0.878048780487805	167	NA	NA
ENSMUSP00000081322	0.761061946902655	116	NA	NA
ENSMUSP00000106025	0.922619047619048	171	NA	NA
ENSMUSP00000110417	0.867052023121387	176	NA	NA
ENSMUSP00000019998	0.840909090909091	179	NA	NA
ENSMUSP00000020118	0.752747252747253	185	NA	NA
ENSMUSP00000123081	0.959183673469388	150	NA	NA
ENSMUSP00000023531	0.833333333333333	51	NA	NA
ENSMUSP00000033723	0.873417721518987	161	NA	NA
ENSMUSP00000144047	0.782857142857143	178	NA	NA
ENSMUSP00000146206	0.890243902439024	167	NA	NA
ENSMUSP00000026820	0.92485549132948	176	NA	NA
ENSMUSP00000101434	0.901234567901235	165	NA	NA
ENSMUSP00000154387	0.843575418994413	182	NA	NA
ENSMUSP00000109030	0.795321637426901	174	NA	NA
ENSMUSP00000032093	0.815068493150685	149	NA	NA
ENSMUSP00000028948	0.785234899328859	152	NA	NA
ENSMUSP00000122582	0.918478260869565	187	NA	NA
ENSMUSP00000046191	0.820987654320988	165	NA	NA
ENSMUSP00000086003	0.753164556962025	161	NA	NA
ENSMUSP00000021800	0.972826086956522	187	NA	NA
ENSMUSP00000050292	0.780821917808219	149	NA	NA
ENSMUSP00000107352	0.807453416149068	164	NA	NA
ENSMUSP00000147908	0.770186335403727	164	NA	NA
ENSMUSP00000031262	0.784431137724551	170	NA	NA
ENSMUSP00000048830	0.898648648648649	151	NA	NA
ENSMUSP00000156651	0.8	178	NA	NA
ENSMUSP00000084073	0.789156626506024	169	NA	NA
ENSMUSP00000101595	0.75	167	NA	NA
ENSMUSP00000045721	0.86144578313253	169	NA	NA
ENSMUSP00000048383	0.762589928057554	142	NA	NA
ENSMUSP00000089394	0.811428571428571	178	NA	NA
ENSMUSP00000072620	0.840659340659341	185	NA	NA
ENSMUSP00000033650	0.763636363636364	168	NA	NA
ENSMUSP00000075057	0.886792452830189	109	NA	NA
ENSMUSP00000032963	0.756944444444444	147	NA	NA
ENSMUSP00000080221	0.975460122699387	166	NA	NA
ENSMUSP00000013262	0.875	171	NA	NA
ENSMUSP00000040596	0.925465838509317	164	NA	NA
ENSMUSP00000034034	0.844311377245509	170	NA	NA
ENSMUSP00000139286	0.878378378378378	77	NA	NA
ENSMUSP00000028835	0.763636363636364	168	NA	NA
ENSMUSP00000145514	0.872832369942196	176	NA	NA
ENSMUSP00000138045	0.855555555555556	183	NA	NA
ENSMUSP00000028241	0.753846153846154	68	NA	NA
ENSMUSP00000139310	0.833333333333333	135	NA	NA
ENSMUSP00000029129	0.818181818181818	69	NA	NA
ENSMUSP00000034316	0.822222222222222	138	NA	NA
ENSMUSP00000051754	0.810650887573965	172	NA	NA
ENSMUSP00000067305	0.789473684210526	155	NA	NA
ENSMUSP00000038551	0.835365853658537	167	NA	NA
ENSMUSP00000128605	0.858024691358025	165	NA	NA
ENSMUSP00000027217	0.773809523809524	171	NA	NA
ENSMUSP00000138193	0.760683760683761	120	NA	NA
ENSMUSP00000157272	0.89873417721519	161	NA	NA
ENSMUSP00000100041	0.893939393939394	69	NA	NA
ENSMUSP00000063804	0.813953488372093	89	NA	NA
ENSMUSP00000037583	0.75	155	NA	NA
ENSMUSP00000101830	0.754237288135593	121	NA	NA
ENSMUSP00000058490	0.891566265060241	169	NA	NA
ENSMUSP00000077107	0.854651162790698	175	NA	NA
ENSMUSP00000027853	0.935483870967742	65	NA	NA
ENSMUSP00000135113	0.842105263157895	98	NA	NA
ENSMUSP00000031931	0.786127167630058	176	NA	NA
ENSMUSP00000048348	0.807017543859649	174	NA	NA
ENSMUSP00000118072	0.920634920634921	129	NA	NA
ENSMUSP00000123652	0.888888888888889	165	NA	NA
ENSMUSP00000121421	0.942028985507246	141	NA	NA
ENSMUSP00000021847	0.875912408759124	140	NA	NA
ENSMUSP00000024763	0.751592356687898	160	NA	NA
ENSMUSP00000118487	0.766423357664234	140	NA	NA
ENSMUSP00000130176	0.755813953488372	175	NA	NA
ENSMUSP00000037417	0.953757225433526	176	NA	NA
ENSMUSP00000064516	0.794285714285714	178	NA	NA
ENSMUSP00000118848	0.818181818181818	179	NA	NA
ENSMUSP00000081122	0.855555555555556	183	NA	NA
ENSMUSP00000031741	0.843023255813954	175	NA	NA
ENSMUSP00000117243	0.834285714285714	178	NA	NA
ENSMUSP00000151687	0.9	83	NA	NA
ENSMUSP00000125604	0.847457627118644	180	NA	NA
ENSMUSP00000120154	0.925714285714286	178	NA	NA
ENSMUSP00000021040	0.871428571428571	143	NA	NA
ENSMUSP00000122471	0.837837837837838	151	NA	NA
ENSMUSP00000037980	0.784431137724551	170	NA	NA
ENSMUSP00000120043	0.793103448275862	32	NA	NA
ENSMUSP00000124863	0.849162011173184	182	NA	NA
ENSMUSP00000123793	0.921686746987952	169	NA	NA
ENSMUSP00000113578	0.989583333333333	99	NA	NA
ENSMUSP00000041857	0.75	11	NA	NA
ENSMUSP00000059792	0.92817679558011	184	NA	NA
ENSMUSP00000092673	0.92814371257485	170	NA	NA
ENSMUSP00000025211	0.785714285714286	171	NA	NA
ENSMUSP00000025418	0.766666666666667	183	NA	NA
ENSMUSP00000046177	0.855855855855856	114	NA	NA
ENSMUSP00000148281	0.935294117647059	173	NA	NA
ENSMUSP00000151974	0.891304347826087	187	NA	NA
ENSMUSP00000077610	0.772972972972973	188	NA	NA
ENSMUSP00000002551	0.761467889908257	112	NA	NA
ENSMUSP00000144541	0.878612716763006	176	NA	NA
ENSMUSP00000041667	0.767857142857143	171	NA	NA
ENSMUSP00000106242	0.928994082840237	172	NA	NA
ENSMUSP00000142047	0.759776536312849	182	NA	NA
ENSMUSP00000123412	0.840236686390533	172	NA	NA
ENSMUSP00000016768	0.850649350649351	157	NA	NA
ENSMUSP00000025092	0.892045454545455	179	NA	NA
ENSMUSP00000086450	0.857142857142857	185	NA	NA
ENSMUSP00000043588	0.760869565217391	187	NA	NA
ENSMUSP00000149447	0.843243243243243	188	NA	NA
ENSMUSP00000119655	0.988888888888889	183	NA	NA
ENSMUSP00000007257	0.822033898305085	121	NA	NA
ENSMUSP00000033581	0.895705521472393	166	NA	NA
ENSMUSP00000032958	0.755395683453237	142	NA	NA
ENSMUSP00000032264	0.779411764705882	71	NA	NA
ENSMUSP00000001419	0.76	153	NA	NA
ENSMUSP00000031622	0.888198757763975	164	NA	NA
ENSMUSP00000083507	0.917582417582418	185	NA	NA
ENSMUSP00000147211	0.885057471264368	177	NA	NA
ENSMUSP00000018437	0.930635838150289	176	NA	NA
ENSMUSP00000024993	0.784	128	NA	NA
ENSMUSP00000022954	0.839506172839506	165	NA	NA
ENSMUSP00000008280	0.873333333333333	153	NA	NA
ENSMUSP00000028583	0.791666666666667	147	NA	NA
ENSMUSP00000034244	0.82967032967033	185	NA	NA
ENSMUSP00000030644	0.870503597122302	142	NA	NA
ENSMUSP00000114015	0.790960451977401	180	NA	NA
ENSMUSP00000022890	0.763636363636364	113	NA	NA
ENSMUSP00000115342	0.798507462686567	137	NA	NA
ENSMUSP00000108854	0.767241379310345	119	NA	NA
ENSMUSP00000158245	0.918918918918919	77	NA	NA
ENSMUSP00000096704	0.882882882882883	114	NA	NA
ENSMUSP00000127574	0.900990099009901	104	NA	NA
ENSMUSP00000012847	0.752293577981651	112	NA	NA
ENSMUSP00000105806	0.788888888888889	183	NA	NA
ENSMUSP00000023648	0.89010989010989	185	NA	NA
ENSMUSP00000014684	0.797752808988764	181	NA	NA
ENSMUSP00000068424	0.834532374100719	142	NA	NA
ENSMUSP00000123359	0.827586206896552	177	NA	NA
ENSMUSP00000126575	0.788888888888889	183	NA	NA
ENSMUSP00000028251	0.80794701986755	154	NA	NA
ENSMUSP00000067372	0.754098360655738	125	NA	NA
ENSMUSP00000112251	0.935483870967742	127	NA	NA
ENSMUSP00000020957	0.910179640718563	170	NA	NA
ENSMUSP00000099071	0.935897435897436	159	NA	NA
ENSMUSP00000101721	0.753333333333333	153	NA	NA
ENSMUSP00000024543	0.91304347826087	72	NA	NA
ENSMUSP00000112391	0.817073170731707	85	NA	NA
ENSMUSP00000082419	0.770700636942675	160	NA	NA
ENSMUSP00000099073	0.794117647058823	173	NA	NA
ENSMUSP00000014957	0.777777777777778	183	NA	NA
ENSMUSP00000085712	0.75	155	NA	NA
ENSMUSP00000133921	0.806818181818182	179	NA	NA
ENSMUSP00000115576	0.772151898734177	161	NA	NA
ENSMUSP00000118373	0.958083832335329	170	NA	NA
ENSMUSP00000120659	0.842105263157895	155	NA	NA
ENSMUSP00000067694	0.903614457831325	169	NA	NA
ENSMUSP00000117346	0.825174825174825	146	NA	NA
ENSMUSP00000098066	0.785234899328859	152	NA	NA
ENSMUSP00000085555	0.796875	67	NA	NA
ENSMUSP00000128826	0.766871165644172	166	NA	NA
ENSMUSP00000113891	0.820689655172414	148	NA	NA
ENSMUSP00000112379	0.8	73	NA	NA
ENSMUSP00000030032	0.751633986928105	156	NA	NA
ENSMUSP00000106861	0.784313725490196	156	NA	NA
ENSMUSP00000100615	0.7890625	131	NA	NA
ENSMUSP00000062811	0.882352941176471	173	NA	NA
ENSMUSP00000117891	0.761538461538461	133	NA	NA
ENSMUSP00000022519	0.796703296703297	185	NA	NA
ENSMUSP00000009003	0.79136690647482	142	NA	NA
ENSMUSP00000026662	0.794871794871795	120	NA	NA
ENSMUSP00000099576	0.881987577639752	164	NA	NA
ENSMUSP00000039990	0.808641975308642	165	NA	NA
ENSMUSP00000087709	0.816	128	NA	NA
ENSMUSP00000026387	0.75	71	NA	NA
ENSMUSP00000066582	0.885245901639344	186	NA	NA
ENSMUSP00000157011	0.853333333333333	153	NA	NA
ENSMUSP00000088801	0.779005524861878	184	NA	NA
ENSMUSP00000112405	0.897727272727273	179	NA	NA
ENSMUSP00000030782	0.769736842105263	155	NA	NA
ENSMUSP00000025521	0.798816568047337	172	NA	NA
ENSMUSP00000045281	0.82967032967033	185	NA	NA
ENSMUSP00000139823	0.75	183	NA	NA
ENSMUSP00000021669	0.769230769230769	133	NA	NA
ENSMUSP00000046453	0.774834437086093	154	NA	NA
ENSMUSP00000021116	0.75974025974026	157	NA	NA
ENSMUSP00000024056	0.834394904458599	160	NA	NA
ENSMUSP00000025659	0.828220858895706	166	NA	NA
ENSMUSP00000020085	0.828125	67	NA	NA
ENSMUSP00000031627	0.787671232876712	149	NA	NA
ENSMUSP00000141967	0.890173410404624	176	NA	NA
ENSMUSP00000136354	0.861842105263158	155	NA	NA
ENSMUSP00000122674	0.94047619047619	171	NA	NA
ENSMUSP00000101718	0.783132530120482	169	NA	NA
ENSMUSP00000053361	0.835294117647059	88	NA	NA
ENSMUSP00000070993	0.7875	163	NA	NA
ENSMUSP00000005817	0.934210526315789	155	NA	NA
ENSMUSP00000009774	0.816666666666667	183	NA	NA
ENSMUSP00000123029	0.873333333333333	153	NA	NA
ENSMUSP00000041263	0.829787234042553	144	NA	NA
ENSMUSP00000104485	0.866666666666667	183	NA	NA
ENSMUSP00000107339	0.856164383561644	149	NA	NA
ENSMUSP00000037860	0.867816091954023	177	NA	NA
ENSMUSP00000085549	0.761904761904762	129	NA	NA
ENSMUSP00000021942	0.78125	67	NA	NA
ENSMUSP00000034172	0.88	153	NA	NA
ENSMUSP00000076957	0.834254143646409	184	NA	NA
ENSMUSP00000044491	0.762237762237762	146	NA	NA
ENSMUSP00000046120	0.870786516853933	181	NA	NA
ENSMUSP00000034058	0.785714285714286	185	NA	NA
ENSMUSP00000075566	0.75974025974026	157	NA	NA
ENSMUSP00000046105	0.773006134969325	166	NA	NA
ENSMUSP00000059313	0.877777777777778	183	NA	NA
ENSMUSP00000146975	0.860335195530726	182	NA	NA
ENSMUSP00000084422	0.888888888888889	48	NA	NA
ENSMUSP00000122772	0.751724137931034	148	NA	NA
ENSMUSP00000108871	0.896174863387978	186	NA	NA
ENSMUSP00000020057	0.817307692307692	107	NA	NA
ENSMUSP00000020672	0.84393063583815	176	NA	NA
ENSMUSP00000115882	0.932960893854749	182	NA	NA
ENSMUSP00000114755	0.8	178	NA	NA
ENSMUSP00000008826	0.757575757575758	135	NA	NA
ENSMUSP00000029919	0.773255813953488	175	NA	NA
ENSMUSP00000108557	0.902857142857143	178	NA	NA
ENSMUSP00000148153	0.790960451977401	180	NA	NA
ENSMUSP00000105023	0.972027972027972	146	NA	NA
ENSMUSP00000131076	0.843373493975904	86	NA	NA
ENSMUSP00000039642	0.835526315789474	155	NA	NA
ENSMUSP00000114692	1	5	NA	NA
ENSMUSP00000038225	0.759398496240602	136	NA	NA
ENSMUSP00000147146	0.792452830188679	162	NA	NA
ENSMUSP00000030180	0.857142857142857	10	NA	NA
ENSMUSP00000003599	0.825	43	NA	NA
ENSMUSP00000022806	0.778688524590164	125	NA	NA
ENSMUSP00000031181	0.821192052980132	154	NA	NA
ENSMUSP00000021285	0.811428571428571	178	NA	NA
ENSMUSP00000072366	0.830188679245283	162	NA	NA
ENSMUSP00000054208	0.855555555555556	183	NA	NA
ENSMUSP00000092020	0.772222222222222	183	NA	NA
ENSMUSP00000067728	0.822222222222222	48	NA	NA
ENSMUSP00000044116	0.816091954022989	177	NA	NA
ENSMUSP00000080480	0.79874213836478	162	NA	NA
ENSMUSP00000105359	0.851851851851852	165	NA	NA
ENSMUSP00000139801	0.787878787878788	168	NA	NA
ENSMUSP00000041022	0.859649122807018	174	NA	NA
ENSMUSP00000113184	0.755952380952381	171	NA	NA
ENSMUSP00000028199	0.75	143	NA	NA
ENSMUSP00000024810	0.816793893129771	134	NA	NA
ENSMUSP00000058697	0.96551724137931	148	NA	NA
ENSMUSP00000022637	0.787878787878788	102	NA	NA
ENSMUSP00000109763	0.949275362318841	141	NA	NA
ENSMUSP00000061451	0.877906976744186	175	NA	NA
ENSMUSP00000039071	0.86046511627907	175	NA	NA
ENSMUSP00000148174	0.872	128	NA	NA
ENSMUSP00000022269	0.791139240506329	161	NA	NA
ENSMUSP00000045637	0.806451612903226	127	NA	NA
ENSMUSP00000123582	0.816216216216216	188	NA	NA
ENSMUSP00000021459	0.886666666666667	153	NA	NA
ENSMUSP00000038744	0.858823529411765	173	NA	NA
ENSMUSP00000015816	0.75187969924812	136	NA	NA
ENSMUSP00000047980	0.85792349726776	186	NA	NA
ENSMUSP00000084427	0.763888888888889	147	NA	NA
ENSMUSP00000034983	0.895348837209302	175	NA	NA
ENSMUSP00000066841	0.803680981595092	166	NA	NA
ENSMUSP00000047275	0.943396226415094	162	NA	NA
ENSMUSP00000064699	0.795698924731183	96	NA	NA
ENSMUSP00000117118	0.833333333333333	141	NA	NA
ENSMUSP00000125678	0.923076923076923	172	NA	NA
ENSMUSP00000004565	0.776859504132231	124	NA	NA
ENSMUSP00000097601	0.838095238095238	108	NA	NA
ENSMUSP00000053940	0.786585365853659	167	NA	NA
ENSMUSP00000017920	0.790849673202614	156	NA	NA
ENSMUSP00000099841	0.779141104294479	166	NA	NA
ENSMUSP00000146469	0.772455089820359	170	NA	NA
ENSMUSP00000036604	0.780821917808219	76	NA	NA
ENSMUSP00000061991	0.878205128205128	159	NA	NA
ENSMUSP00000124473	0.774509803921569	105	NA	NA
ENSMUSP00000038813	0.91358024691358	165	NA	NA
ENSMUSP00000068863	0.866242038216561	160	NA	NA
ENSMUSP00000067774	0.764705882352941	54	NA	NA
ENSMUSP00000023707	0.865030674846626	166	NA	NA
ENSMUSP00000139789	0.75	135	NA	NA
ENSMUSP00000029485	0.791411042944785	166	NA	NA
ENSMUSP00000086511	0.919753086419753	165	NA	NA
ENSMUSP00000150651	0.807228915662651	169	NA	NA
ENSMUSP00000099757	0.870748299319728	150	NA	NA
ENSMUSP00000111946	0.776859504132231	124	NA	NA
ENSMUSP00000019906	0.88	153	NA	NA
ENSMUSP00000046311	0.77639751552795	164	NA	NA
ENSMUSP00000123810	0.946808510638298	97	NA	NA
ENSMUSP00000000090	0.843373493975904	169	NA	NA
ENSMUSP00000115729	0.852272727272727	179	NA	NA
ENSMUSP00000145191	0.816455696202532	161	NA	NA
ENSMUSP00000026050	0.878048780487805	167	NA	NA
ENSMUSP00000054407	0.890625	131	NA	NA
ENSMUSP00000114028	0.890243902439024	167	NA	NA
ENSMUSP00000158708	0.793939393939394	168	NA	NA
ENSMUSP00000109659	0.86144578313253	169	NA	NA
ENSMUSP00000033133	0.758620689655172	119	NA	NA
ENSMUSP00000139327	0.779069767441861	89	NA	NA
ENSMUSP00000114223	0.790123456790123	165	NA	NA
ENSMUSP00000038877	0.885714285714286	108	NA	NA
ENSMUSP00000051621	0.928994082840237	172	NA	NA
ENSMUSP00000113868	0.846994535519126	186	NA	NA
ENSMUSP00000083840	0.851648351648352	185	NA	NA
ENSMUSP00000028937	0.833333333333333	159	NA	NA
ENSMUSP00000086312	0.792207792207792	157	NA	NA
ENSMUSP00000021692	0.835164835164835	185	NA	NA
ENSMUSP00000121283	0.832335329341317	170	NA	NA
ENSMUSP00000037079	0.817460317460317	129	NA	NA
ENSMUSP00000114963	0.847560975609756	167	NA	NA
ENSMUSP00000139123	0.777777777777778	165	NA	NA
ENSMUSP00000099499	0.877777777777778	183	NA	NA
ENSMUSP00000151431	0.812121212121212	168	NA	NA
ENSMUSP00000020456	0.779661016949153	180	NA	NA
ENSMUSP00000030797	0.785310734463277	180	NA	NA
ENSMUSP00000142079	0.816901408450704	145	NA	NA
ENSMUSP00000103342	0.788235294117647	173	NA	NA
ENSMUSP00000110564	0.857142857142857	80	NA	NA
ENSMUSP00000084507	0.855072463768116	72	NA	NA
ENSMUSP00000070724	0.788235294117647	173	NA	NA
ENSMUSP00000027521	0.844827586206897	177	NA	NA
ENSMUSP00000113998	0.757575757575758	168	NA	NA
ENSMUSP00000138503	0.777777777777778	84	NA	NA
ENSMUSP00000092992	0.766467065868264	170	NA	NA
ENSMUSP00000028764	0.821428571428571	171	NA	NA
ENSMUSP00000062326	0.957575757575758	168	NA	NA
ENSMUSP00000099777	0.792307692307692	133	NA	NA
ENSMUSP00000136493	0.89041095890411	76	NA	NA
ENSMUSP00000086041	0.755102040816326	101	NA	NA
ENSMUSP00000098677	0.882022471910112	181	NA	NA
ENSMUSP00000092198	0.757225433526012	176	NA	NA
ENSMUSP00000110091	0.831932773109244	122	NA	NA
ENSMUSP00000043618	0.782608695652174	95	NA	NA
ENSMUSP00000042705	0.796178343949045	160	NA	NA
ENSMUSP00000018470	0.77037037037037	138	NA	NA
ENSMUSP00000112948	0.752380952380952	108	NA	NA
ENSMUSP00000022294	0.915730337078652	181	NA	NA
ENSMUSP00000120106	0.76536312849162	182	NA	NA
ENSMUSP00000074596	0.82089552238806	137	NA	NA
ENSMUSP00000000199	0.937106918238994	162	NA	NA
ENSMUSP00000115860	0.775280898876405	181	NA	NA
ENSMUSP00000070149	0.828571428571429	73	NA	NA
ENSMUSP00000057664	0.769230769230769	94	NA	NA
ENSMUSP00000102737	0.803680981595092	166	NA	NA
ENSMUSP00000043902	0.775956284153005	186	NA	NA
ENSMUSP00000024959	0.888157894736842	155	NA	NA
ENSMUSP00000083474	0.85207100591716	172	NA	NA
ENSMUSP00000155516	0.882352941176471	105	NA	NA
ENSMUSP00000096769	0.791946308724832	152	NA	NA
ENSMUSP00000076397	0.914285714285714	178	NA	NA
ENSMUSP00000000687	0.903614457831325	169	NA	NA
ENSMUSP00000096880	0.801169590643275	174	NA	NA
ENSMUSP00000044178	0.815126050420168	122	NA	NA
ENSMUSP00000025961	0.822222222222222	138	NA	NA
ENSMUSP00000030508	0.82	103	NA	NA
ENSMUSP00000054034	0.894736842105263	60	NA	NA
ENSMUSP00000020382	0.780487804878049	167	NA	NA
ENSMUSP00000040771	0.795180722891566	169	NA	NA
ENSMUSP00000153629	0.798780487804878	167	NA	NA
ENSMUSP00000073880	0.896103896103896	80	NA	NA
ENSMUSP00000042123	0.884353741496599	150	NA	NA
ENSMUSP00000103682	0.805970149253731	70	NA	NA
ENSMUSP00000092021	0.896907216494845	100	NA	NA
ENSMUSP00000015877	0.796747967479675	126	NA	NA
ENSMUSP00000147816	0.851063829787234	144	NA	NA
ENSMUSP00000029987	0.831325301204819	169	NA	NA
ENSMUSP00000120075	0.869281045751634	156	NA	NA
ENSMUSP00000034945	0.8125	67	NA	NA
ENSMUSP00000157397	0.76158940397351	154	NA	NA
ENSMUSP00000120351	0.831168831168831	157	NA	NA
ENSMUSP00000066493	0.794117647058823	173	NA	NA
ENSMUSP00000087197	0.791666666666667	171	NA	NA
ENSMUSP00000031531	0.782608695652174	187	NA	NA
ENSMUSP00000099584	0.94047619047619	171	NA	NA
ENSMUSP00000021066	0.75	127	NA	NA
ENSMUSP00000031650	0.891472868217054	132	NA	NA
ENSMUSP00000041848	0.902439024390244	167	NA	NA
ENSMUSP00000151859	0.862637362637363	185	NA	NA
ENSMUSP00000047281	0.83695652173913	95	NA	NA
ENSMUSP00000106521	0.940217391304348	187	NA	NA
ENSMUSP00000056643	0.909638554216867	169	NA	NA
ENSMUSP00000069900	0.774774774774775	114	NA	NA
ENSMUSP00000041790	0.894736842105263	174	NA	NA
ENSMUSP00000097040	0.811594202898551	141	NA	NA
ENSMUSP00000115215	0.966292134831461	181	NA	NA
ENSMUSP00000043540	0.834285714285714	178	NA	NA
ENSMUSP00000133626	0.778409090909091	179	NA	NA
ENSMUSP00000023449	0.775641025641026	159	NA	NA
ENSMUSP00000023713	0.784313725490196	105	NA	NA
ENSMUSP00000122360	0.8125	179	NA	NA
ENSMUSP00000120524	0.923529411764706	173	NA	NA
ENSMUSP00000123496	0.770588235294118	173	NA	NA
ENSMUSP00000110378	0.881987577639752	164	NA	NA
ENSMUSP00000124009	0.939890710382514	186	NA	NA
ENSMUSP00000047665	0.827380952380952	171	NA	NA
ENSMUSP00000096932	0.932584269662921	181	NA	NA
ENSMUSP00000115906	0.782051282051282	159	NA	NA
ENSMUSP00000034400	0.768595041322314	124	NA	NA
ENSMUSP00000099443	0.787671232876712	149	NA	NA
ENSMUSP00000026078	0.811023622047244	130	NA	NA
ENSMUSP00000113487	0.777777777777778	66	NA	NA
ENSMUSP00000126825	0.777777777777778	174	NA	NA
ENSMUSP00000014698	0.813953488372093	175	NA	NA
ENSMUSP00000021635	0.915384615384615	133	NA	NA
ENSMUSP00000032386	0.752293577981651	112	NA	NA
ENSMUSP00000052351	0.919075144508671	176	NA	NA
ENSMUSP00000021548	0.918518518518519	138	NA	NA
ENSMUSP00000026416	0.753164556962025	161	NA	NA
ENSMUSP00000065397	0.910179640718563	170	NA	NA
ENSMUSP00000100045	0.766129032258065	127	NA	NA
ENSMUSP00000034227	0.793333333333333	153	NA	NA
ENSMUSP00000095249	0.850746268656716	137	NA	NA
ENSMUSP00000130255	0.789156626506024	169	NA	NA
ENSMUSP00000020298	0.823170731707317	167	NA	NA
ENSMUSP00000099696	0.803738317757009	110	NA	NA
ENSMUSP00000158085	0.903954802259887	180	NA	NA
ENSMUSP00000030274	0.781609195402299	177	NA	NA
ENSMUSP00000025050	0.986301369863014	76	NA	NA
ENSMUSP00000018887	0.869822485207101	172	NA	NA
ENSMUSP00000040511	0.802325581395349	175	NA	NA
ENSMUSP00000151723	0.860606060606061	168	NA	NA
ENSMUSP00000034881	0.859756097560976	167	NA	NA
ENSMUSP00000112449	0.768518518518518	111	NA	NA
ENSMUSP00000132099	0.886486486486487	188	NA	NA
ENSMUSP00000071970	0.766467065868264	170	NA	NA
ENSMUSP00000044129	0.938271604938272	165	NA	NA
ENSMUSP00000022296	0.899408284023669	172	NA	NA
ENSMUSP00000147409	0.941520467836257	174	NA	NA
ENSMUSP00000157954	0.801136363636364	179	NA	NA
ENSMUSP00000107908	0.898648648648649	151	NA	NA
ENSMUSP00000136070	0.790849673202614	156	NA	NA
ENSMUSP00000000010	0.909677419354839	158	NA	NA
ENSMUSP00000027146	0.830409356725146	174	NA	NA
ENSMUSP00000060835	0.92	178	NA	NA
ENSMUSP00000033333	0.788819875776398	164	NA	NA
ENSMUSP00000021438	0.787709497206704	182	NA	NA
ENSMUSP00000022591	0.801204819277108	169	NA	NA
ENSMUSP00000098796	0.792682926829268	167	NA	NA
ENSMUSP00000040936	0.826589595375723	176	NA	NA
ENSMUSP00000043410	0.896969696969697	168	NA	NA
ENSMUSP00000126221	0.897435897435897	81	NA	NA
ENSMUSP00000090305	0.828125	131	NA	NA
ENSMUSP00000061578	0.807142857142857	143	NA	NA
ENSMUSP00000039418	0.861878453038674	184	NA	NA
ENSMUSP00000090143	0.837209302325581	132	NA	NA
ENSMUSP00000151794	0.879781420765027	186	NA	NA
ENSMUSP00000022218	0.930635838150289	176	NA	NA
ENSMUSP00000115779	0.85207100591716	172	NA	NA
ENSMUSP00000018691	0.859154929577465	145	NA	NA
ENSMUSP00000122103	0.760233918128655	174	NA	NA
ENSMUSP00000137503	0.801282051282051	159	NA	NA
ENSMUSP00000145619	0.881889763779528	130	NA	NA
ENSMUSP00000127611	0.920289855072464	141	NA	NA
ENSMUSP00000030469	0.759493670886076	82	NA	NA
ENSMUSP00000055813	0.863157894736842	98	NA	NA
ENSMUSP00000129767	0.763358778625954	134	NA	NA
ENSMUSP00000147643	0.971751412429379	180	NA	NA
ENSMUSP00000101001	0.792207792207792	157	NA	NA
ENSMUSP00000146289	0.831460674157303	181	NA	NA
ENSMUSP00000029128	0.841121495327103	110	NA	NA
ENSMUSP00000089097	0.79874213836478	162	NA	NA
ENSMUSP00000093951	0.831168831168831	157	NA	NA
ENSMUSP00000158138	0.819875776397516	164	NA	NA
ENSMUSP00000018156	0.888888888888889	183	NA	NA
ENSMUSP00000122403	0.988439306358382	176	NA	NA
ENSMUSP00000090230	0.808510638297872	144	NA	NA
ENSMUSP00000133903	0.907103825136612	186	NA	NA
ENSMUSP00000095588	0.871559633027523	112	NA	NA
ENSMUSP00000149825	0.806818181818182	179	NA	NA
ENSMUSP00000083732	0.875	123	NA	NA
ENSMUSP00000122180	0.868217054263566	132	NA	NA
ENSMUSP00000008090	0.828767123287671	149	NA	NA
ENSMUSP00000078623	0.757062146892655	180	NA	NA
ENSMUSP00000103086	0.770491803278688	186	NA	NA
ENSMUSP00000140508	0.791666666666667	171	NA	NA
ENSMUSP00000087006	0.760736196319018	166	NA	NA
ENSMUSP00000136823	0.924528301886792	162	NA	NA
ENSMUSP00000109585	0.76510067114094	152	NA	NA
ENSMUSP00000022901	0.919075144508671	176	NA	NA
ENSMUSP00000020217	0.908045977011494	90	NA	NA
ENSMUSP00000011315	0.763888888888889	147	NA	NA
ENSMUSP00000042586	0.875675675675676	188	NA	NA
ENSMUSP00000107292	0.894409937888199	164	NA	NA
ENSMUSP00000027503	0.929824561403509	174	NA	NA
ENSMUSP00000021380	0.982658959537572	176	NA	NA
ENSMUSP00000044861	0.940119760479042	170	NA	NA
ENSMUSP00000029803	0.832298136645963	164	NA	NA
ENSMUSP00000001008	0.852272727272727	179	NA	NA
ENSMUSP00000133369	0.906432748538012	174	NA	NA
ENSMUSP00000078303	0.891891891891892	151	NA	NA
ENSMUSP00000049212	0.854700854700855	120	NA	NA
ENSMUSP00000047615	0.899082568807339	112	NA	NA
ENSMUSP00000079883	0.94478527607362	166	NA	NA
ENSMUSP00000028551	0.786163522012579	162	NA	NA
ENSMUSP00000125335	0.845588235294118	139	NA	NA
ENSMUSP00000116756	0.753424657534247	149	NA	NA
ENSMUSP00000144976	0.768	128	NA	NA
ENSMUSP00000071517	0.813725490196078	105	NA	NA
ENSMUSP00000143720	0.769230769230769	159	NA	NA
ENSMUSP00000101006	0.785714285714286	45	NA	NA
ENSMUSP00000044769	0.795031055900621	164	NA	NA
ENSMUSP00000131888	0.819875776397516	164	NA	NA
ENSMUSP00000080854	0.788732394366197	145	NA	NA
ENSMUSP00000052986	0.872832369942196	176	NA	NA
ENSMUSP00000047474	0.759036144578313	169	NA	NA
ENSMUSP00000078589	0.817567567567568	151	NA	NA
ENSMUSP00000029665	0.83625730994152	174	NA	NA
ENSMUSP00000079905	0.828767123287671	149	NA	NA
ENSMUSP00000066633	0.837209302325581	175	NA	NA
ENSMUSP00000084910	0.862068965517241	119	NA	NA
ENSMUSP00000101269	0.792	128	NA	NA
ENSMUSP00000075562	0.753012048192771	169	NA	NA
ENSMUSP00000031304	0.7875	163	NA	NA
ENSMUSP00000010520	0.930817610062893	162	NA	NA
ENSMUSP00000010536	0.827814569536424	154	NA	NA
ENSMUSP00000047186	0.94478527607362	166	NA	NA
ENSMUSP00000124151	0.782352941176471	173	NA	NA
ENSMUSP00000080219	0.758620689655172	148	NA	NA
ENSMUSP00000033715	0.789473684210526	155	NA	NA
ENSMUSP00000034278	0.815384615384615	68	NA	NA
ENSMUSP00000050404	0.907975460122699	166	NA	NA
ENSMUSP00000032768	0.766423357664234	140	NA	NA
ENSMUSP00000029447	0.823529411764706	156	NA	NA
ENSMUSP00000117408	0.774834437086093	154	NA	NA
ENSMUSP00000112777	0.772413793103448	148	NA	NA
ENSMUSP00000090567	0.7625	163	NA	NA
ENSMUSP00000113864	0.88953488372093	175	NA	NA
ENSMUSP00000068896	0.857142857142857	185	NA	NA
ENSMUSP00000124348	0.812154696132597	184	NA	NA
ENSMUSP00000110577	0.753968253968254	129	NA	NA
ENSMUSP00000091475	0.841772151898734	161	NA	NA
ENSMUSP00000034159	0.942528735632184	177	NA	NA
ENSMUSP00000054913	0.761290322580645	158	NA	NA
ENSMUSP00000139926	0.793939393939394	168	NA	NA
ENSMUSP00000002112	0.772222222222222	183	NA	NA
ENSMUSP00000110198	0.866666666666667	153	NA	NA
ENSMUSP00000044078	0.784615384615385	68	NA	NA
ENSMUSP00000124226	0.807692307692308	159	NA	NA
ENSMUSP00000080641	0.801169590643275	174	NA	NA
ENSMUSP00000074903	0.772727272727273	113	NA	NA
ENSMUSP00000065743	0.852941176470588	173	NA	NA
ENSMUSP00000062728	0.773333333333333	153	NA	NA
ENSMUSP00000077856	0.831521739130435	187	NA	NA
ENSMUSP00000030905	0.767441860465116	175	NA	NA
ENSMUSP00000018711	0.893939393939394	69	NA	NA
ENSMUSP00000023036	0.834645669291339	130	NA	NA
ENSMUSP00000036725	0.867052023121387	176	NA	NA
ENSMUSP00000109406	0.873493975903614	169	NA	NA
ENSMUSP00000002292	0.878787878787879	168	NA	NA
ENSMUSP00000025686	0.813186813186813	185	NA	NA
ENSMUSP00000114449	0.754966887417219	154	NA	NA
ENSMUSP00000033683	0.950920245398773	166	NA	NA
ENSMUSP00000072227	0.868421052631579	117	NA	NA
ENSMUSP00000120649	0.780898876404494	181	NA	NA
ENSMUSP00000035289	0.925287356321839	177	NA	NA
