gene	rf	num.tips	rf.zeros	num.tips.zeros
ENSMUSP00000107793	0.184873949579832	122	NA	NA
ENSMUSP00000004201	0.235294117647059	71	NA	NA
ENSMUSP00000097100	0.236686390532544	172	NA	NA
ENSMUSP00000033761	0.171779141104294	166	NA	NA
ENSMUSP00000091532	0.236994219653179	176	NA	NA
ENSMUSP00000155002	0.204081632653061	150	NA	NA
ENSMUSP00000041377	0.221476510067114	152	NA	NA
ENSMUSP00000112827	0.18125	163	NA	NA
ENSMUSP00000030610	0.166666666666667	21	NA	NA
ENSMUSP00000099884	0.244186046511628	175	NA	NA
ENSMUSP00000047329	0.162011173184358	182	NA	NA
ENSMUSP00000063795	0.235955056179775	92	NA	NA
ENSMUSP00000018851	0.103448275862069	177	NA	NA
ENSMUSP00000074729	0.24203821656051	160	NA	NA
ENSMUSP00000122852	0.186046511627907	175	NA	NA
ENSMUSP00000111416	0.242603550295858	172	NA	NA
ENSMUSP00000098687	0.19047619047619	150	NA	NA
ENSMUSP00000089951	0.206185567010309	100	NA	NA
ENSMUSP00000064819	0.246376811594203	141	NA	NA
ENSMUSP00000126377	0.189189189189189	77	NA	NA
ENSMUSP00000096991	0.237704918032787	125	NA	NA
ENSMUSP00000106278	0.202702702702703	151	NA	NA
ENSMUSP00000028841	0.165680473372781	172	NA	NA
ENSMUSP00000044801	0.149171270718232	184	NA	NA
ENSMUSP00000059389	0.196969696969697	135	NA	NA
ENSMUSP00000128287	0.188976377952756	130	NA	NA
ENSMUSP00000045460	0.25	183	NA	NA
ENSMUSP00000051845	0.247126436781609	177	NA	NA
ENSMUSP00000024958	0.23489932885906	152	NA	NA
ENSMUSP00000027706	0.248175182481752	140	NA	NA
ENSMUSP00000006854	0.213114754098361	186	NA	NA
ENSMUSP00000048520	0	10	0	10
ENSMUSP00000030533	0.25	159	NA	NA
ENSMUSP00000107787	0.241830065359477	156	NA	NA
ENSMUSP00000134551	0.115853658536585	167	NA	NA
ENSMUSP00000101200	0.137362637362637	185	NA	NA
ENSMUSP00000104764	0.0740740740740741	57	NA	NA
ENSMUSP00000039248	0.235632183908046	177	NA	NA
ENSMUSP00000070382	0.117021276595745	97	NA	NA
ENSMUSP00000060199	0.133333333333333	183	NA	NA
ENSMUSP00000064892	0.186046511627907	132	NA	NA
ENSMUSP00000151388	0.170454545454545	179	NA	NA
ENSMUSP00000147447	0.15606936416185	176	NA	NA
ENSMUSP00000114584	0.191358024691358	165	NA	NA
ENSMUSP00000046686	0.125	11	NA	NA
ENSMUSP00000092376	0.189189189189189	151	NA	NA
ENSMUSP00000005175	0.25	135	NA	NA
ENSMUSP00000075579	0.12568306010929	186	NA	NA
ENSMUSP00000024988	0.177514792899408	172	NA	NA
ENSMUSP00000099397	0.178082191780822	149	NA	NA
ENSMUSP00000045286	0.232558139534884	132	NA	NA
ENSMUSP00000026888	0.214723926380368	166	NA	NA
ENSMUSP00000106970	0.13125	163	NA	NA
ENSMUSP00000124816	0.195530726256983	182	NA	NA
ENSMUSP00000159250	0.231884057971014	72	NA	NA
ENSMUSP00000051248	0.245614035087719	117	NA	NA
ENSMUSP00000028499	0.243243243243243	151	NA	NA
ENSMUSP00000048119	0.146892655367232	180	NA	NA
ENSMUSP00000027752	0.25	175	NA	NA
ENSMUSP00000143807	0.224	128	NA	NA
ENSMUSP00000108755	0.24203821656051	160	NA	NA
ENSMUSP00000135827	0.114035087719298	117	NA	NA
ENSMUSP00000123915	0.225433526011561	176	NA	NA
ENSMUSP00000119617	0.225806451612903	34	NA	NA
ENSMUSP00000114686	0	9	0	9
ENSMUSP00000087049	0.238095238095238	108	NA	NA
ENSMUSP00000126945	0.231638418079096	180	NA	NA
ENSMUSP00000151534	0.223776223776224	146	NA	NA
ENSMUSP00000021278	0.247058823529412	173	NA	NA
ENSMUSP00000124089	0.195121951219512	167	NA	NA
ENSMUSP00000077297	0.213675213675214	120	NA	NA
ENSMUSP00000127192	0.215568862275449	170	NA	NA
ENSMUSP00000083620	0.227272727272727	91	NA	NA
ENSMUSP00000080062	0.244318181818182	179	NA	NA
ENSMUSP00000053120	0.191860465116279	175	NA	NA
ENSMUSP00000126725	0	4	0	4
ENSMUSP00000052654	0.230769230769231	172	NA	NA
ENSMUSP00000112939	0.115702479338843	124	NA	NA
ENSMUSP00000056967	0.151785714285714	115	NA	NA
ENSMUSP00000139601	0.239766081871345	174	NA	NA
ENSMUSP00000125732	0.238095238095238	171	NA	NA
ENSMUSP00000124569	0.19672131147541	64	NA	NA
ENSMUSP00000113259	0.142857142857143	80	NA	NA
ENSMUSP00000131840	0.237179487179487	159	NA	NA
ENSMUSP00000101648	0.155844155844156	157	NA	NA
ENSMUSP00000022469	0.22289156626506	169	NA	NA
ENSMUSP00000120085	0.189944134078212	182	NA	NA
ENSMUSP00000096196	0.241935483870968	65	NA	NA
ENSMUSP00000142301	0.229885057471264	90	NA	NA
ENSMUSP00000053235	0.241758241758242	185	NA	NA
ENSMUSP00000153479	0.224043715846995	186	NA	NA
ENSMUSP00000031055	0.243055555555556	147	NA	NA
ENSMUSP00000041145	0.21264367816092	177	NA	NA
ENSMUSP00000043304	0.215568862275449	170	NA	NA
ENSMUSP00000153521	0.203488372093023	175	NA	NA
ENSMUSP00000102976	0.230769230769231	146	NA	NA
ENSMUSP00000037443	0.25	175	NA	NA
ENSMUSP00000093406	0.12781954887218	136	NA	NA
ENSMUSP00000138575	0.221590909090909	179	NA	NA
ENSMUSP00000033532	0.213333333333333	153	NA	NA
ENSMUSP00000031628	0.25	151	NA	NA
ENSMUSP00000104405	0.235294117647059	122	NA	NA
ENSMUSP00000105563	0.1875	147	NA	NA
ENSMUSP00000020846	0.211538461538462	159	NA	NA
ENSMUSP00000041571	0.245901639344262	125	NA	NA
ENSMUSP00000099135	0.240963855421687	169	NA	NA
ENSMUSP00000106394	0.202020202020202	102	NA	NA
ENSMUSP00000046152	0.236024844720497	164	NA	NA
ENSMUSP00000121261	0.193370165745856	184	NA	NA
ENSMUSP00000025142	0.211111111111111	93	NA	NA
ENSMUSP00000122192	0.182857142857143	178	NA	NA
ENSMUSP00000043250	0.142857142857143	171	NA	NA
ENSMUSP00000142284	0.152941176470588	173	NA	NA
ENSMUSP00000130949	0.186666666666667	153	NA	NA
ENSMUSP00000107594	0.222222222222222	21	NA	NA
ENSMUSP00000050454	0.121212121212121	168	NA	NA
ENSMUSP00000074340	0.165714285714286	178	NA	NA
ENSMUSP00000064336	0.245714285714286	178	NA	NA
ENSMUSP00000150433	0.211180124223602	164	NA	NA
ENSMUSP00000147237	0.205882352941176	173	NA	NA
ENSMUSP00000111175	0.166666666666667	165	NA	NA
ENSMUSP00000052179	0.24375	163	NA	NA
ENSMUSP00000066256	0.174825174825175	146	NA	NA
ENSMUSP00000127449	0.245714285714286	178	NA	NA
ENSMUSP00000050832	0.222222222222222	147	NA	NA
ENSMUSP00000102849	0.176136363636364	179	NA	NA
ENSMUSP00000095949	0.215909090909091	179	NA	NA
ENSMUSP00000062637	0.153409090909091	179	NA	NA
ENSMUSP00000153049	0.21264367816092	177	NA	NA
ENSMUSP00000116747	0.228571428571429	178	NA	NA
ENSMUSP00000027040	0.198630136986301	149	NA	NA
ENSMUSP00000109899	0	4	0	4
ENSMUSP00000125960	0.142857142857143	150	NA	NA
ENSMUSP00000113908	0.224489795918367	150	NA	NA
ENSMUSP00000090564	0.230769230769231	16	NA	NA
ENSMUSP00000054084	0.248554913294798	176	NA	NA
ENSMUSP00000139842	0.211920529801325	154	NA	NA
ENSMUSP00000101857	0.211180124223602	164	NA	NA
ENSMUSP00000002848	0.233333333333333	33	NA	NA
ENSMUSP00000109546	0.20125786163522	162	NA	NA
ENSMUSP00000156344	0.182857142857143	178	NA	NA
ENSMUSP00000140942	0.222222222222222	111	NA	NA
ENSMUSP00000036162	0.177142857142857	178	NA	NA
ENSMUSP00000150574	0.184049079754601	166	NA	NA
ENSMUSP00000124548	0.222857142857143	178	NA	NA
ENSMUSP00000141860	0.245283018867925	162	NA	NA
ENSMUSP00000002079	0.232954545454545	179	NA	NA
ENSMUSP00000046843	0.210144927536232	141	NA	NA
ENSMUSP00000003964	0.230769230769231	16	NA	NA
ENSMUSP00000092794	0.218181818181818	58	NA	NA
ENSMUSP00000081225	0.194244604316547	142	NA	NA
ENSMUSP00000030792	0.172619047619048	171	NA	NA
ENSMUSP00000140251	0.134502923976608	174	NA	NA
ENSMUSP00000099935	0.225433526011561	176	NA	NA
ENSMUSP00000133279	0	4	0	4
ENSMUSP00000112801	0.181818181818182	168	NA	NA
ENSMUSP00000106420	0.22289156626506	169	NA	NA
ENSMUSP00000039943	0.218543046357616	154	NA	NA
ENSMUSP00000063001	0.248618784530387	184	NA	NA
ENSMUSP00000023882	0.236842105263158	155	NA	NA
ENSMUSP00000104280	0.201388888888889	147	NA	NA
ENSMUSP00000113810	0.226027397260274	149	NA	NA
ENSMUSP00000041328	0.243697478991597	122	NA	NA
ENSMUSP00000058572	0.242774566473988	176	NA	NA
ENSMUSP00000099410	0.245454545454545	113	NA	NA
ENSMUSP00000135629	0.201923076923077	107	NA	NA
ENSMUSP00000018805	0.204819277108434	169	NA	NA
ENSMUSP00000144257	0.226950354609929	144	NA	NA
ENSMUSP00000054499	0.220338983050847	180	NA	NA
ENSMUSP00000101101	0.17816091954023	177	NA	NA
ENSMUSP00000096525	0.222222222222222	102	NA	NA
ENSMUSP00000050586	0.222972972972973	151	NA	NA
ENSMUSP00000023352	0.147727272727273	179	NA	NA
ENSMUSP00000146186	0.157894736842105	22	NA	NA
ENSMUSP00000047320	0.208333333333333	27	NA	NA
ENSMUSP00000061836	0.0896551724137931	148	NA	NA
ENSMUSP00000062327	0.226666666666667	78	NA	NA
ENSMUSP00000037850	0.128712871287129	104	NA	NA
ENSMUSP00000109366	0.173611111111111	147	NA	NA
ENSMUSP00000099322	0.25	159	NA	NA
ENSMUSP00000132164	0.248062015503876	132	NA	NA
ENSMUSP00000136449	0.163934426229508	186	NA	NA
ENSMUSP00000091620	0.17037037037037	138	NA	NA
ENSMUSP00000001963	0.22	103	NA	NA
ENSMUSP00000096883	0.25	11	NA	NA
ENSMUSP00000057065	0.233766233766234	80	NA	NA
ENSMUSP00000014922	0.213872832369942	176	NA	NA
ENSMUSP00000105082	0.24822695035461	144	NA	NA
ENSMUSP00000078540	0.212328767123288	149	NA	NA
ENSMUSP00000027856	0.232876712328767	149	NA	NA
ENSMUSP00000097797	0.232954545454545	179	NA	NA
ENSMUSP00000127949	0.203007518796992	136	NA	NA
ENSMUSP00000035208	0.232558139534884	132	NA	NA
ENSMUSP00000031632	0.111111111111111	21	NA	NA
ENSMUSP00000135336	0.247706422018349	112	NA	NA
ENSMUSP00000149194	0.123188405797101	141	NA	NA
ENSMUSP00000030010	0.248520710059172	172	NA	NA
ENSMUSP00000020695	0.133333333333333	48	NA	NA
ENSMUSP00000020439	0.229508196721311	64	NA	NA
ENSMUSP00000001079	0.129032258064516	34	NA	NA
ENSMUSP00000035203	0.0956521739130435	118	NA	NA
ENSMUSP00000121612	0.234567901234568	165	NA	NA
ENSMUSP00000127131	0.232558139534884	175	NA	NA
ENSMUSP00000039966	0.235294117647059	139	NA	NA
ENSMUSP00000046787	0.181818181818182	14	NA	NA
ENSMUSP00000075526	0.210526315789474	22	NA	NA
ENSMUSP00000148708	0.1	103	NA	NA
ENSMUSP00000048486	0.216783216783217	146	NA	NA
ENSMUSP00000030372	0.25	19	NA	NA
ENSMUSP00000149021	0.20979020979021	146	NA	NA
ENSMUSP00000153882	0.234042553191489	97	NA	NA
ENSMUSP00000059385	0.173184357541899	182	NA	NA
ENSMUSP00000093197	0.204819277108434	169	NA	NA
ENSMUSP00000129738	0.207407407407407	138	NA	NA
ENSMUSP00000013773	0.142857142857143	178	NA	NA
ENSMUSP00000028119	0.21978021978022	94	NA	NA
ENSMUSP00000019443	0.206703910614525	182	NA	NA
ENSMUSP00000070445	0.1875	19	NA	NA
ENSMUSP00000121919	0.205298013245033	154	NA	NA
ENSMUSP00000023538	0.201438848920863	142	NA	NA
ENSMUSP00000056530	0.187919463087248	152	NA	NA
ENSMUSP00000047573	0.242603550295858	172	NA	NA
ENSMUSP00000104955	0.140350877192982	174	NA	NA
ENSMUSP00000061601	0.180952380952381	108	NA	NA
ENSMUSP00000113977	0.196531791907514	176	NA	NA
ENSMUSP00000090304	0.169590643274854	174	NA	NA
ENSMUSP00000089009	0.18562874251497	170	NA	NA
ENSMUSP00000024238	0.202797202797203	146	NA	NA
ENSMUSP00000138082	0.17032967032967	185	NA	NA
ENSMUSP00000140740	0.141242937853107	180	NA	NA
ENSMUSP00000049404	0.151162790697674	175	NA	NA
ENSMUSP00000147021	0.130769230769231	133	NA	NA
ENSMUSP00000045676	0.202380952380952	171	NA	NA
ENSMUSP00000086779	0.216374269005848	174	NA	NA
ENSMUSP00000151342	0.242236024844721	164	NA	NA
ENSMUSP00000111103	0.217142857142857	178	NA	NA
ENSMUSP00000109197	0.242937853107345	180	NA	NA
ENSMUSP00000021596	0.177914110429448	166	NA	NA
ENSMUSP00000138167	0.25	87	NA	NA
ENSMUSP00000044624	0.183006535947712	156	NA	NA
ENSMUSP00000000001	0.227272727272727	25	NA	NA
ENSMUSP00000019482	0.225165562913907	154	NA	NA
ENSMUSP00000043816	0.241071428571429	115	NA	NA
ENSMUSP00000020208	0.2	58	NA	NA
ENSMUSP00000074549	0.222222222222222	165	NA	NA
ENSMUSP00000039041	0.25	147	NA	NA
ENSMUSP00000105240	0.204081632653061	150	NA	NA
ENSMUSP00000158719	0.222222222222222	165	NA	NA
ENSMUSP00000054420	0.214285714285714	171	NA	NA
ENSMUSP00000044437	0.220779220779221	157	NA	NA
ENSMUSP00000015791	0.120481927710843	169	NA	NA
ENSMUSP00000099808	0.24203821656051	160	NA	NA
ENSMUSP00000077574	0.150326797385621	156	NA	NA
ENSMUSP00000026744	0	11	0	11
ENSMUSP00000036555	0.228915662650602	169	NA	NA
ENSMUSP00000021803	0.195652173913043	187	NA	NA
ENSMUSP00000129447	0.210843373493976	169	NA	NA
ENSMUSP00000134002	0.24390243902439	167	NA	NA
ENSMUSP00000043795	0.214285714285714	185	NA	NA
ENSMUSP00000042260	0.152439024390244	167	NA	NA
ENSMUSP00000054309	0.25	179	NA	NA
ENSMUSP00000113895	0.211180124223602	164	NA	NA
ENSMUSP00000102034	0.201388888888889	147	NA	NA
ENSMUSP00000104787	0.181818181818182	157	NA	NA
ENSMUSP00000047639	0.226950354609929	144	NA	NA
ENSMUSP00000069087	0.191011235955056	181	NA	NA
ENSMUSP00000133478	0.186046511627907	175	NA	NA
ENSMUSP00000142307	0.229508196721311	186	NA	NA
ENSMUSP00000109667	0.247058823529412	173	NA	NA
ENSMUSP00000070407	0.246478873239437	145	NA	NA
ENSMUSP00000140278	0.240437158469945	186	NA	NA
ENSMUSP00000142130	0.244186046511628	175	NA	NA
ENSMUSP00000158921	0.227586206896552	148	NA	NA
ENSMUSP00000134066	0.25	175	NA	NA
ENSMUSP00000124710	0.146067415730337	181	NA	NA
ENSMUSP00000035484	0.237410071942446	142	NA	NA
ENSMUSP00000051853	0.166666666666667	9	NA	NA
ENSMUSP00000019051	0.225806451612903	158	NA	NA
ENSMUSP00000088725	0.206896551724138	177	NA	NA
ENSMUSP00000120991	0.0869565217391304	26	NA	NA
ENSMUSP00000047872	0.219101123595506	181	NA	NA
ENSMUSP00000006444	0.175438596491228	174	NA	NA
ENSMUSP00000159058	0.196850393700787	130	NA	NA
ENSMUSP00000113965	0.222222222222222	39	NA	NA
ENSMUSP00000102374	0.0694444444444444	75	NA	NA
ENSMUSP00000002121	0.21195652173913	187	NA	NA
ENSMUSP00000071777	0.12987012987013	80	NA	NA
ENSMUSP00000122082	0	4	0	4
ENSMUSP00000081324	0.166666666666667	177	NA	NA
ENSMUSP00000035216	0.198863636363636	179	NA	NA
ENSMUSP00000103943	0.229299363057325	160	NA	NA
ENSMUSP00000148968	0.125	155	NA	NA
ENSMUSP00000113703	0.238095238095238	171	NA	NA
ENSMUSP00000031899	0.24025974025974	157	NA	NA
ENSMUSP00000147887	0.229050279329609	182	NA	NA
ENSMUSP00000087879	0.196531791907514	176	NA	NA
ENSMUSP00000087184	0.24	178	NA	NA
ENSMUSP00000094045	0.25	11	NA	NA
ENSMUSP00000055806	0.156521739130435	118	NA	NA
ENSMUSP00000116687	0.25	63	NA	NA
ENSMUSP00000084904	0.248587570621469	180	NA	NA
ENSMUSP00000073462	0.248554913294798	176	NA	NA
ENSMUSP00000152942	0.224242424242424	168	NA	NA
ENSMUSP00000028337	0.20125786163522	162	NA	NA
ENSMUSP00000124052	0.191860465116279	175	NA	NA
ENSMUSP00000104311	0.25	155	NA	NA
ENSMUSP00000067556	0.150684931506849	149	NA	NA
ENSMUSP00000050267	0.171717171717172	102	NA	NA
ENSMUSP00000077697	0.146341463414634	167	NA	NA
ENSMUSP00000015449	0.241830065359477	156	NA	NA
ENSMUSP00000148801	0.23463687150838	182	NA	NA
ENSMUSP00000028288	0.209150326797386	156	NA	NA
ENSMUSP00000084599	0.172619047619048	171	NA	NA
ENSMUSP00000134425	0.2	173	NA	NA
ENSMUSP00000106513	0.180851063829787	97	NA	NA
ENSMUSP00000121373	0.109090909090909	168	NA	NA
ENSMUSP00000047445	0.155844155844156	80	NA	NA
ENSMUSP00000038983	0.201342281879195	152	NA	NA
ENSMUSP00000081221	0.191616766467066	170	NA	NA
ENSMUSP00000100043	0.224489795918367	52	NA	NA
ENSMUSP00000093325	0.217687074829932	150	NA	NA
ENSMUSP00000097860	0	10	0	10
ENSMUSP00000018645	0.161764705882353	139	NA	NA
ENSMUSP00000144150	0.175438596491228	117	NA	NA
ENSMUSP00000029179	0.219512195121951	167	NA	NA
ENSMUSP00000108655	0.170454545454545	179	NA	NA
ENSMUSP00000158082	0.236363636363636	168	NA	NA
ENSMUSP00000048709	0.0984848484848485	135	NA	NA
ENSMUSP00000138308	0.204819277108434	169	NA	NA
ENSMUSP00000134259	0.219512195121951	167	NA	NA
ENSMUSP00000113783	0.245283018867925	162	NA	NA
ENSMUSP00000038490	0.23021582733813	142	NA	NA
ENSMUSP00000008051	0.19047619047619	87	NA	NA
ENSMUSP00000108374	0.229050279329609	182	NA	NA
ENSMUSP00000090593	0.220338983050847	180	NA	NA
ENSMUSP00000099388	0.224137931034483	177	NA	NA
ENSMUSP00000112821	0.194244604316547	142	NA	NA
ENSMUSP00000058840	0.208860759493671	161	NA	NA
ENSMUSP00000136332	0.194444444444444	183	NA	NA
ENSMUSP00000107873	0.134502923976608	174	NA	NA
ENSMUSP00000030971	0.236686390532544	172	NA	NA
ENSMUSP00000068594	0.240223463687151	182	NA	NA
ENSMUSP00000041701	0.167701863354037	164	NA	NA
ENSMUSP00000091988	0.245161290322581	158	NA	NA
ENSMUSP00000042229	0.224806201550388	132	NA	NA
ENSMUSP00000001792	0.171428571428571	38	NA	NA
ENSMUSP00000030897	0.226993865030675	166	NA	NA
ENSMUSP00000095602	0.226666666666667	153	NA	NA
ENSMUSP00000069350	0.181318681318681	185	NA	NA
ENSMUSP00000026427	0.20625	163	NA	NA
ENSMUSP00000059159	0.150442477876106	116	NA	NA
ENSMUSP00000040360	0.223776223776224	146	NA	NA
ENSMUSP00000057062	0.241758241758242	94	NA	NA
ENSMUSP00000043957	0.189024390243902	167	NA	NA
ENSMUSP00000135784	0.2	68	NA	NA
ENSMUSP00000097093	0.198895027624309	184	NA	NA
ENSMUSP00000112393	0.225274725274725	185	NA	NA
ENSMUSP00000124022	0.219858156028369	144	NA	NA
ENSMUSP00000119875	0.24390243902439	126	NA	NA
ENSMUSP00000100973	0.213836477987421	162	NA	NA
ENSMUSP00000145939	0.220338983050847	180	NA	NA
ENSMUSP00000060893	0.247058823529412	88	NA	NA
ENSMUSP00000034846	0.204081632653061	52	NA	NA
ENSMUSP00000019992	0.23125	163	NA	NA
ENSMUSP00000061769	0.188524590163934	125	NA	NA
ENSMUSP00000113974	0.233333333333333	123	NA	NA
ENSMUSP00000039058	0.186666666666667	78	NA	NA
ENSMUSP00000027493	0.18796992481203	136	NA	NA
ENSMUSP00000114833	0.245614035087719	174	NA	NA
ENSMUSP00000093774	0.154285714285714	178	NA	NA
ENSMUSP00000153547	0.245398773006135	166	NA	NA
ENSMUSP00000045156	0.164556962025316	82	NA	NA
ENSMUSP00000149815	0.230769230769231	146	NA	NA
ENSMUSP00000094090	0.212121212121212	36	NA	NA
ENSMUSP00000021271	0.184971098265896	176	NA	NA
ENSMUSP00000057938	0.164473684210526	155	NA	NA
ENSMUSP00000087506	0.144578313253012	169	NA	NA
ENSMUSP00000113424	0.206896551724138	177	NA	NA
ENSMUSP00000092440	0.125786163522013	162	NA	NA
ENSMUSP00000093245	0.142857142857143	171	NA	NA
ENSMUSP00000108202	0.20952380952381	108	NA	NA
ENSMUSP00000101404	0.158415841584158	104	NA	NA
ENSMUSP00000115599	0.112781954887218	136	NA	NA
ENSMUSP00000040429	0.188679245283019	109	NA	NA
ENSMUSP00000108306	0.224852071005917	172	NA	NA
ENSMUSP00000069432	0.183431952662722	172	NA	NA
ENSMUSP00000099121	0.25	151	NA	NA
ENSMUSP00000083341	0.195530726256983	182	NA	NA
ENSMUSP00000109975	0.14	53	NA	NA
ENSMUSP00000154926	0.242236024844721	164	NA	NA
ENSMUSP00000037210	0.142857142857143	45	NA	NA
ENSMUSP00000139227	0.242424242424242	168	NA	NA
ENSMUSP00000027852	0.208092485549133	176	NA	NA
ENSMUSP00000032088	0.165413533834586	136	NA	NA
ENSMUSP00000032234	0.194444444444444	183	NA	NA
ENSMUSP00000084467	0.25	163	NA	NA
ENSMUSP00000031837	0.2375	83	NA	NA
ENSMUSP00000091331	0.235294117647059	173	NA	NA
ENSMUSP00000052584	0.183908045977011	177	NA	NA
ENSMUSP00000130071	0.155555555555556	93	NA	NA
ENSMUSP00000036726	0.203488372093023	175	NA	NA
ENSMUSP00000099983	0.174418604651163	175	NA	NA
ENSMUSP00000110348	0.240740740740741	165	NA	NA
ENSMUSP00000030984	0.219047619047619	108	NA	NA
ENSMUSP00000146310	0.245810055865922	182	NA	NA
ENSMUSP00000066201	0.176470588235294	105	NA	NA
ENSMUSP00000039360	0.20253164556962	161	NA	NA
ENSMUSP00000095053	0.160714285714286	59	NA	NA
ENSMUSP00000099907	0.175324675324675	157	NA	NA
ENSMUSP00000137609	0.213414634146341	167	NA	NA
ENSMUSP00000072896	0.188524590163934	125	NA	NA
ENSMUSP00000038379	0.136363636363636	113	NA	NA
ENSMUSP00000102611	0.22972972972973	77	NA	NA
ENSMUSP00000095036	0.185483870967742	127	NA	NA
ENSMUSP00000056365	0.178082191780822	76	NA	NA
ENSMUSP00000148088	0.204545454545455	135	NA	NA
ENSMUSP00000050825	0.208791208791209	94	NA	NA
ENSMUSP00000042291	0.23030303030303	168	NA	NA
ENSMUSP00000140290	0.153153153153153	114	NA	NA
ENSMUSP00000127250	0.24	178	NA	NA
ENSMUSP00000093469	0.19672131147541	186	NA	NA
ENSMUSP00000046156	0.214285714285714	157	NA	NA
ENSMUSP00000038681	0.196428571428571	171	NA	NA
ENSMUSP00000047325	0.236363636363636	168	NA	NA
ENSMUSP00000081906	0.22	103	NA	NA
ENSMUSP00000021097	0.244755244755245	146	NA	NA
ENSMUSP00000149042	0.176470588235294	122	NA	NA
ENSMUSP00000131847	0.203703703703704	165	NA	NA
ENSMUSP00000045162	0.18	153	NA	NA
ENSMUSP00000063999	0.25	175	NA	NA
ENSMUSP00000129100	0.243093922651934	184	NA	NA
ENSMUSP00000145402	0.18978102189781	140	NA	NA
ENSMUSP00000023712	0	10	0	10
ENSMUSP00000030427	0.236842105263158	155	NA	NA
ENSMUSP00000034792	0.226086956521739	118	NA	NA
ENSMUSP00000137298	0.16969696969697	168	NA	NA
ENSMUSP00000108099	0.181818181818182	36	NA	NA
ENSMUSP00000006470	0.195121951219512	167	NA	NA
ENSMUSP00000141564	0.210526315789474	136	NA	NA
ENSMUSP00000068551	0.2	8	NA	NA
ENSMUSP00000104783	0.238636363636364	91	NA	NA
ENSMUSP00000134244	0.195266272189349	172	NA	NA
ENSMUSP00000087815	0.2	103	NA	NA
ENSMUSP00000043596	0.208333333333333	123	NA	NA
ENSMUSP00000063648	0.2375	163	NA	NA
ENSMUSP00000070927	0.232394366197183	145	NA	NA
ENSMUSP00000096963	0.247252747252747	185	NA	NA
ENSMUSP00000110220	0.246376811594203	72	NA	NA
ENSMUSP00000041920	0.214723926380368	166	NA	NA
ENSMUSP00000026474	0.207547169811321	162	NA	NA
ENSMUSP00000105613	0.247126436781609	177	NA	NA
ENSMUSP00000004505	0.167664670658683	170	NA	NA
ENSMUSP00000003319	0.213740458015267	134	NA	NA
ENSMUSP00000091442	0.232704402515723	162	NA	NA
ENSMUSP00000138732	0.135593220338983	180	NA	NA
ENSMUSP00000013995	0.148809523809524	171	NA	NA
ENSMUSP00000035616	0.242857142857143	73	NA	NA
ENSMUSP00000106801	0.233766233766234	157	NA	NA
ENSMUSP00000150938	0.220238095238095	171	NA	NA
ENSMUSP00000046782	0.188034188034188	120	NA	NA
ENSMUSP00000049345	0.241379310344828	177	NA	NA
ENSMUSP00000051561	0.228070175438596	174	NA	NA
ENSMUSP00000039776	0.233918128654971	174	NA	NA
ENSMUSP00000103517	0.214285714285714	17	NA	NA
ENSMUSP00000092538	0.19774011299435	180	NA	NA
ENSMUSP00000036507	0.210227272727273	179	NA	NA
ENSMUSP00000044898	0	4	0	4
ENSMUSP00000029833	0.171270718232044	184	NA	NA
ENSMUSP00000158795	0.134502923976608	174	NA	NA
ENSMUSP00000072008	0.246913580246914	165	NA	NA
ENSMUSP00000055602	0.192857142857143	143	NA	NA
ENSMUSP00000057500	0.234177215189873	161	NA	NA
ENSMUSP00000108313	0.241176470588235	173	NA	NA
ENSMUSP00000022176	0.247058823529412	173	NA	NA
ENSMUSP00000044231	0.221556886227545	170	NA	NA
ENSMUSP00000048334	0.25	163	NA	NA
ENSMUSP00000071966	0.116022099447514	184	NA	NA
ENSMUSP00000036962	0.219653179190751	176	NA	NA
ENSMUSP00000078741	0.122699386503067	166	NA	NA
ENSMUSP00000102357	0.235955056179775	181	NA	NA
ENSMUSP00000118107	0.163934426229508	186	NA	NA
ENSMUSP00000087037	0.233918128654971	174	NA	NA
ENSMUSP00000116313	0.153846153846154	133	NA	NA
ENSMUSP00000051492	0.235632183908046	177	NA	NA
ENSMUSP00000113075	0.25	171	NA	NA
ENSMUSP00000126027	0.231788079470199	154	NA	NA
ENSMUSP00000005532	0.214285714285714	185	NA	NA
ENSMUSP00000143651	0.244897959183673	52	NA	NA
ENSMUSP00000093091	0.248062015503876	132	NA	NA
ENSMUSP00000026254	0.202185792349727	186	NA	NA
ENSMUSP00000109109	0.188679245283019	56	NA	NA
ENSMUSP00000095677	0.154639175257732	100	NA	NA
ENSMUSP00000019378	0.104	128	NA	NA
ENSMUSP00000159108	0.218543046357616	154	NA	NA
ENSMUSP00000093958	0.236363636363636	168	NA	NA
ENSMUSP00000075242	0.234234234234234	114	NA	NA
ENSMUSP00000104149	0.175	123	NA	NA
ENSMUSP00000080214	0.239766081871345	174	NA	NA
ENSMUSP00000130419	0	7	0	7
ENSMUSP00000071495	0.209039548022599	180	NA	NA
ENSMUSP00000128314	0.25	19	NA	NA
ENSMUSP00000149156	0.166666666666667	147	NA	NA
ENSMUSP00000029061	0.171875	131	NA	NA
ENSMUSP00000097572	0.220779220779221	80	NA	NA
ENSMUSP00000043676	0.23463687150838	182	NA	NA
ENSMUSP00000026292	0.197674418604651	175	NA	NA
ENSMUSP00000110668	0.208092485549133	176	NA	NA
ENSMUSP00000110781	0.15	123	NA	NA
ENSMUSP00000006629	0.195121951219512	167	NA	NA
ENSMUSP00000027027	0.2	88	NA	NA
ENSMUSP00000128141	0.243478260869565	118	NA	NA
ENSMUSP00000147809	0.246913580246914	165	NA	NA
ENSMUSP00000091179	0	6	0	6
ENSMUSP00000021282	0.229885057471264	177	NA	NA
ENSMUSP00000021547	0.218934911242604	172	NA	NA
ENSMUSP00000146564	0.240740740740741	165	NA	NA
ENSMUSP00000068906	0.171428571428571	108	NA	NA
ENSMUSP00000003850	0.228571428571429	108	NA	NA
ENSMUSP00000054943	0.188811188811189	146	NA	NA
ENSMUSP00000120007	0.197604790419162	170	NA	NA
ENSMUSP00000002889	0.1875	179	NA	NA
ENSMUSP00000130604	0.153333333333333	153	NA	NA
ENSMUSP00000099728	0.201342281879195	152	NA	NA
ENSMUSP00000099404	0.238888888888889	183	NA	NA
ENSMUSP00000082971	0.241573033707865	181	NA	NA
ENSMUSP00000104964	0	4	0	4
ENSMUSP00000110337	0.142857142857143	171	NA	NA
ENSMUSP00000076024	0.165644171779141	166	NA	NA
ENSMUSP00000158699	0.203252032520325	126	NA	NA
ENSMUSP00000104721	0.165605095541401	160	NA	NA
ENSMUSP00000095433	0.0944444444444444	183	NA	NA
ENSMUSP00000038568	0.248275862068966	148	NA	NA
ENSMUSP00000114717	0.171232876712329	149	NA	NA
ENSMUSP00000036631	0.230769230769231	133	NA	NA
ENSMUSP00000025010	0.241176470588235	173	NA	NA
ENSMUSP00000101914	0.151162790697674	89	NA	NA
ENSMUSP00000126217	0.19774011299435	180	NA	NA
ENSMUSP00000071577	0.238636363636364	91	NA	NA
ENSMUSP00000022793	0.229299363057325	160	NA	NA
ENSMUSP00000026225	0.179775280898876	92	NA	NA
ENSMUSP00000007296	0.175824175824176	185	NA	NA
ENSMUSP00000154338	0.224719101123595	181	NA	NA
ENSMUSP00000108144	0.236024844720497	164	NA	NA
ENSMUSP00000034521	0.182481751824818	140	NA	NA
ENSMUSP00000075327	0.234782608695652	118	NA	NA
ENSMUSP00000107415	0.181818181818182	168	NA	NA
ENSMUSP00000121032	0.242424242424242	168	NA	NA
ENSMUSP00000123158	0.208588957055215	166	NA	NA
ENSMUSP00000084572	0.231638418079096	180	NA	NA
ENSMUSP00000099568	0.214285714285714	185	NA	NA
ENSMUSP00000040249	0.186046511627907	89	NA	NA
ENSMUSP00000022217	0.114285714285714	73	NA	NA
ENSMUSP00000137070	0	4	0	4
ENSMUSP00000028689	0.242774566473988	176	NA	NA
ENSMUSP00000103178	0.217391304347826	72	NA	NA
ENSMUSP00000051335	0.235668789808917	160	NA	NA
ENSMUSP00000155442	0.246987951807229	169	NA	NA
ENSMUSP00000002914	0.217142857142857	178	NA	NA
ENSMUSP00000051331	0.173333333333333	153	NA	NA
ENSMUSP00000041814	0.242603550295858	172	NA	NA
ENSMUSP00000110395	0.174418604651163	175	NA	NA
ENSMUSP00000118046	0.246913580246914	165	NA	NA
ENSMUSP00000040310	0.25	79	NA	NA
ENSMUSP00000037441	0.218934911242604	172	NA	NA
ENSMUSP00000145585	0.107142857142857	171	NA	NA
ENSMUSP00000113421	0.232954545454545	179	NA	NA
ENSMUSP00000129597	0.227272727272727	179	NA	NA
ENSMUSP00000006825	0.179775280898876	181	NA	NA
ENSMUSP00000098106	0.221518987341772	161	NA	NA
ENSMUSP00000020756	0.25	11	NA	NA
ENSMUSP00000075387	0	4	0	4
ENSMUSP00000071623	0.216867469879518	169	NA	NA
ENSMUSP00000122295	0.245901639344262	125	NA	NA
ENSMUSP00000108818	0.156862745098039	54	NA	NA
ENSMUSP00000137628	0.25	175	NA	NA
ENSMUSP00000031091	0.243589743589744	159	NA	NA
ENSMUSP00000055579	0.246913580246914	165	NA	NA
ENSMUSP00000030029	0.206060606060606	168	NA	NA
ENSMUSP00000140753	0.213333333333333	78	NA	NA
ENSMUSP00000070239	0.198895027624309	184	NA	NA
ENSMUSP00000048309	0.198757763975155	164	NA	NA
ENSMUSP00000068790	0.161849710982659	176	NA	NA
ENSMUSP00000053908	0.226666666666667	153	NA	NA
ENSMUSP00000115378	0.223880597014925	137	NA	NA
ENSMUSP00000030539	0.167785234899329	152	NA	NA
ENSMUSP00000006614	0.23463687150838	182	NA	NA
ENSMUSP00000037543	0.181286549707602	174	NA	NA
ENSMUSP00000099667	0.21656050955414	160	NA	NA
ENSMUSP00000103015	0.170454545454545	91	NA	NA
ENSMUSP00000101535	0.152	128	NA	NA
ENSMUSP00000032539	0.213836477987421	162	NA	NA
ENSMUSP00000002825	0.179640718562874	170	NA	NA
ENSMUSP00000099509	0.218579234972678	186	NA	NA
ENSMUSP00000146565	0.245161290322581	158	NA	NA
ENSMUSP00000113827	0	4	0	4
ENSMUSP00000094164	0.183006535947712	156	NA	NA
ENSMUSP00000151985	0.230769230769231	107	NA	NA
ENSMUSP00000144126	0.182857142857143	178	NA	NA
ENSMUSP00000109245	0.217105263157895	155	NA	NA
ENSMUSP00000049973	0.242857142857143	143	NA	NA
ENSMUSP00000034090	0.25	147	NA	NA
ENSMUSP00000109237	0.242857142857143	73	NA	NA
ENSMUSP00000097909	0.215116279069767	175	NA	NA
ENSMUSP00000095329	0.222222222222222	66	NA	NA
ENSMUSP00000109137	0.248520710059172	172	NA	NA
ENSMUSP00000071289	0.215909090909091	179	NA	NA
ENSMUSP00000018382	0.2	68	NA	NA
ENSMUSP00000102268	0.228758169934641	156	NA	NA
ENSMUSP00000064465	0.130952380952381	171	NA	NA
ENSMUSP00000046199	0.172413793103448	177	NA	NA
ENSMUSP00000000275	0.25	51	NA	NA
ENSMUSP00000133117	0.244604316546763	142	NA	NA
ENSMUSP00000051396	0.244186046511628	89	NA	NA
ENSMUSP00000097089	0.182432432432432	151	NA	NA
ENSMUSP00000045910	0.245454545454545	113	NA	NA
ENSMUSP00000026476	0.227544910179641	170	NA	NA
ENSMUSP00000139224	0.22289156626506	169	NA	NA
ENSMUSP00000004470	0.213872832369942	176	NA	NA
ENSMUSP00000157737	0.213740458015267	134	NA	NA
ENSMUSP00000130173	0.232323232323232	102	NA	NA
ENSMUSP00000061899	0.221590909090909	179	NA	NA
ENSMUSP00000025523	0.25	155	NA	NA
ENSMUSP00000071662	0.173184357541899	182	NA	NA
ENSMUSP00000093969	0.1484375	131	NA	NA
ENSMUSP00000108152	0.238372093023256	175	NA	NA
ENSMUSP00000152533	0.141975308641975	165	NA	NA
ENSMUSP00000132137	0.176470588235294	156	NA	NA
ENSMUSP00000107727	0.204545454545455	179	NA	NA
ENSMUSP00000086748	0.234782608695652	118	NA	NA
ENSMUSP00000098763	0.147058823529412	173	NA	NA
ENSMUSP00000139610	0.168	128	NA	NA
ENSMUSP00000035761	0.167664670658683	170	NA	NA
ENSMUSP00000020649	0.242774566473988	176	NA	NA
ENSMUSP00000032469	0.233333333333333	33	NA	NA
ENSMUSP00000027103	0.25	119	NA	NA
ENSMUSP00000116941	0.15625	67	NA	NA
ENSMUSP00000109067	0.195652173913043	141	NA	NA
ENSMUSP00000109750	0.177304964539007	144	NA	NA
ENSMUSP00000075110	0.248366013071895	156	NA	NA
ENSMUSP00000036082	0.210843373493976	169	NA	NA
ENSMUSP00000116015	0.194630872483221	152	NA	NA
ENSMUSP00000085311	0.224719101123595	92	NA	NA
ENSMUSP00000044069	0.178082191780822	149	NA	NA
ENSMUSP00000078945	0.214285714285714	185	NA	NA
ENSMUSP00000102167	0.20979020979021	146	NA	NA
ENSMUSP00000126071	0.204225352112676	145	NA	NA
ENSMUSP00000113681	0.223463687150838	182	NA	NA
ENSMUSP00000077535	0.222222222222222	102	NA	NA
ENSMUSP00000003310	0.186991869918699	126	NA	NA
ENSMUSP00000113773	0.232704402515723	162	NA	NA
ENSMUSP00000014290	0.155844155844156	80	NA	NA
ENSMUSP00000109716	0.0892857142857143	115	NA	NA
ENSMUSP00000099987	0.134146341463415	85	NA	NA
ENSMUSP00000107262	0.192592592592593	138	NA	NA
ENSMUSP00000124462	0.215277777777778	147	NA	NA
ENSMUSP00000149210	0.190751445086705	176	NA	NA
ENSMUSP00000039648	0.246753246753247	157	NA	NA
ENSMUSP00000140224	0.217142857142857	178	NA	NA
ENSMUSP00000159120	0.205714285714286	178	NA	NA
ENSMUSP00000109674	0.243421052631579	155	NA	NA
ENSMUSP00000002603	0.196428571428571	171	NA	NA
ENSMUSP00000045693	0.141025641025641	159	NA	NA
ENSMUSP00000098723	0.237179487179487	159	NA	NA
ENSMUSP00000035490	0.233532934131737	170	NA	NA
ENSMUSP00000080791	0.241176470588235	173	NA	NA
ENSMUSP00000020081	0.125	27	NA	NA
ENSMUSP00000029711	0.242937853107345	180	NA	NA
ENSMUSP00000088056	0.203252032520325	126	NA	NA
ENSMUSP00000003079	0.217391304347826	26	NA	NA
ENSMUSP00000115111	0.189349112426035	172	NA	NA
ENSMUSP00000099375	0.24390243902439	126	NA	NA
ENSMUSP00000110274	0.173410404624277	176	NA	NA
ENSMUSP00000079179	0	9	0	9
ENSMUSP00000098379	0.206703910614525	182	NA	NA
ENSMUSP00000122000	0.183333333333333	123	NA	NA
ENSMUSP00000025253	0.203125	131	NA	NA
ENSMUSP00000090316	0.231638418079096	180	NA	NA
ENSMUSP00000038675	0.225352112676056	145	NA	NA
ENSMUSP00000046412	0.171779141104294	166	NA	NA
ENSMUSP00000158941	0.213740458015267	134	NA	NA
ENSMUSP00000019861	0.205128205128205	159	NA	NA
ENSMUSP00000052452	0.224242424242424	168	NA	NA
ENSMUSP00000084361	0.210227272727273	179	NA	NA
ENSMUSP00000028102	0.181818181818182	14	NA	NA
ENSMUSP00000044836	0.220238095238095	171	NA	NA
ENSMUSP00000112556	0.218181818181818	168	NA	NA
ENSMUSP00000047083	0.242236024844721	164	NA	NA
ENSMUSP00000070339	0.231578947368421	98	NA	NA
ENSMUSP00000028783	0.237410071942446	142	NA	NA
ENSMUSP00000125084	0.245098039215686	105	NA	NA
ENSMUSP00000130758	0.18	103	NA	NA
ENSMUSP00000024725	0.231292517006803	150	NA	NA
ENSMUSP00000099864	0.241573033707865	181	NA	NA
ENSMUSP00000081912	0.12	128	NA	NA
ENSMUSP00000124149	0.204545454545455	179	NA	NA
ENSMUSP00000114302	0.192546583850932	164	NA	NA
ENSMUSP00000080085	0.24390243902439	85	NA	NA
ENSMUSP00000054158	0.225490196078431	105	NA	NA
ENSMUSP00000131843	0.180722891566265	169	NA	NA
ENSMUSP00000079752	0.119318181818182	179	NA	NA
ENSMUSP00000039422	0.242937853107345	180	NA	NA
ENSMUSP00000090528	0.229166666666667	147	NA	NA
ENSMUSP00000049296	0.154285714285714	178	NA	NA
ENSMUSP00000088525	0.233333333333333	123	NA	NA
ENSMUSP00000027431	0.231578947368421	98	NA	NA
ENSMUSP00000020173	0.245098039215686	105	NA	NA
ENSMUSP00000084794	0.152317880794702	154	NA	NA
ENSMUSP00000035112	0.151260504201681	122	NA	NA
ENSMUSP00000086459	0.223684210526316	155	NA	NA
ENSMUSP00000004576	0.25	159	NA	NA
ENSMUSP00000120208	0.244755244755245	146	NA	NA
ENSMUSP00000084523	0.189655172413793	177	NA	NA
ENSMUSP00000144371	0.222222222222222	183	NA	NA
ENSMUSP00000117616	0.242603550295858	172	NA	NA
ENSMUSP00000134461	0.181102362204724	130	NA	NA
ENSMUSP00000046129	0.248407643312102	160	NA	NA
ENSMUSP00000083971	0.241176470588235	173	NA	NA
ENSMUSP00000025681	0.198630136986301	149	NA	NA
ENSMUSP00000015277	0.241573033707865	181	NA	NA
ENSMUSP00000059289	0.229050279329609	182	NA	NA
ENSMUSP00000087496	0.235294117647059	20	NA	NA
ENSMUSP00000043281	0.179775280898876	181	NA	NA
ENSMUSP00000065949	0.205357142857143	115	NA	NA
ENSMUSP00000053897	0.19375	163	NA	NA
ENSMUSP00000049708	0.19672131147541	64	NA	NA
ENSMUSP00000027768	0.205555555555556	183	NA	NA
ENSMUSP00000099318	0.195804195804196	146	NA	NA
ENSMUSP00000115078	0.17816091954023	177	NA	NA
ENSMUSP00000108050	0.240963855421687	86	NA	NA
ENSMUSP00000005503	0.154411764705882	139	NA	NA
ENSMUSP00000149953	0.182857142857143	178	NA	NA
ENSMUSP00000068374	0.158730158730159	129	NA	NA
ENSMUSP00000078440	0.23121387283237	176	NA	NA
ENSMUSP00000101714	0.236363636363636	168	NA	NA
ENSMUSP00000027251	0.208588957055215	166	NA	NA
ENSMUSP00000020580	0.21656050955414	160	NA	NA
ENSMUSP00000054033	0.225	163	NA	NA
ENSMUSP00000124056	0.245398773006135	166	NA	NA
ENSMUSP00000108083	0.15	23	NA	NA
ENSMUSP00000154293	0.168674698795181	169	NA	NA
ENSMUSP00000111209	0.232558139534884	175	NA	NA
ENSMUSP00000099733	0.25	151	NA	NA
ENSMUSP00000102093	0.23841059602649	154	NA	NA
ENSMUSP00000149750	0.224137931034483	177	NA	NA
ENSMUSP00000064163	0.232558139534884	175	NA	NA
ENSMUSP00000062049	0.225433526011561	176	NA	NA
ENSMUSP00000016172	0.133333333333333	123	NA	NA
ENSMUSP00000125842	0.205128205128205	120	NA	NA
ENSMUSP00000148807	0.169590643274854	174	NA	NA
ENSMUSP00000109861	0.218181818181818	168	NA	NA
ENSMUSP00000038506	0.191780821917808	76	NA	NA
ENSMUSP00000105923	0.186991869918699	126	NA	NA
ENSMUSP00000095255	0.117647058823529	20	NA	NA
ENSMUSP00000027131	0.232044198895028	184	NA	NA
ENSMUSP00000113386	0.246478873239437	145	NA	NA
ENSMUSP00000128736	0.211678832116788	140	NA	NA
ENSMUSP00000007423	0.234848484848485	135	NA	NA
ENSMUSP00000049038	0.177777777777778	183	NA	NA
ENSMUSP00000129116	0.195121951219512	44	NA	NA
ENSMUSP00000121835	0.24	178	NA	NA
ENSMUSP00000125478	0.226519337016575	184	NA	NA
ENSMUSP00000078047	0.188405797101449	72	NA	NA
ENSMUSP00000043240	0.138888888888889	183	NA	NA
ENSMUSP00000029623	0.243243243243243	151	NA	NA
ENSMUSP00000034365	0.248554913294798	176	NA	NA
ENSMUSP00000006749	0.245398773006135	166	NA	NA
ENSMUSP00000148316	0.183673469387755	150	NA	NA
ENSMUSP00000107233	0.224242424242424	168	NA	NA
ENSMUSP00000060255	0.222222222222222	111	NA	NA
ENSMUSP00000133547	0.179487179487179	159	NA	NA
ENSMUSP00000096146	0.219858156028369	144	NA	NA
ENSMUSP00000113247	0.111111111111111	12	NA	NA
ENSMUSP00000038909	0.141843971631206	144	NA	NA
ENSMUSP00000102771	0.186206896551724	148	NA	NA
ENSMUSP00000077019	0.241379310344828	177	NA	NA
ENSMUSP00000148744	0.242424242424242	69	NA	NA
ENSMUSP00000142062	0.219512195121951	85	NA	NA
ENSMUSP00000141542	0.239263803680982	166	NA	NA
ENSMUSP00000021060	0.25	175	NA	NA
ENSMUSP00000028045	0.20253164556962	161	NA	NA
ENSMUSP00000102745	0.198795180722892	169	NA	NA
ENSMUSP00000054125	0.193548387096774	34	NA	NA
ENSMUSP00000043555	0.25	183	NA	NA
ENSMUSP00000017290	0.121212121212121	69	NA	NA
ENSMUSP00000036438	0.23841059602649	154	NA	NA
ENSMUSP00000108666	0.148148148148148	30	NA	NA
ENSMUSP00000088950	0.25	147	NA	NA
ENSMUSP00000102789	0.235955056179775	181	NA	NA
ENSMUSP00000155158	0.230769230769231	55	NA	NA
ENSMUSP00000113589	0.23972602739726	149	NA	NA
ENSMUSP00000102624	0.210843373493976	169	NA	NA
ENSMUSP00000148115	0.23463687150838	182	NA	NA
ENSMUSP00000093911	0.211180124223602	164	NA	NA
ENSMUSP00000110380	0.240223463687151	182	NA	NA
ENSMUSP00000029950	0.158227848101266	161	NA	NA
ENSMUSP00000001712	0.191860465116279	175	NA	NA
ENSMUSP00000051809	0.177142857142857	178	NA	NA
ENSMUSP00000143946	0	4	0	4
ENSMUSP00000101094	0.189189189189189	40	NA	NA
ENSMUSP00000115063	0.169934640522876	156	NA	NA
ENSMUSP00000153183	0.240223463687151	182	NA	NA
ENSMUSP00000115062	0.192771084337349	169	NA	NA
ENSMUSP00000037489	0.198757763975155	164	NA	NA
ENSMUSP00000110241	0.110344827586207	148	NA	NA
ENSMUSP00000105295	0.238095238095238	171	NA	NA
ENSMUSP00000073190	0.121387283236994	176	NA	NA
ENSMUSP00000126279	0.228758169934641	156	NA	NA
ENSMUSP00000034140	0	4	0	4
ENSMUSP00000095953	0.217948717948718	159	NA	NA
ENSMUSP00000075059	0.123376623376623	157	NA	NA
ENSMUSP00000021605	0.188679245283019	162	NA	NA
ENSMUSP00000018212	0.210227272727273	179	NA	NA
ENSMUSP00000126598	0.248407643312102	160	NA	NA
ENSMUSP00000022450	0.188571428571429	178	NA	NA
ENSMUSP00000040367	0.226744186046512	175	NA	NA
ENSMUSP00000030189	0.242937853107345	180	NA	NA
ENSMUSP00000097299	0.211111111111111	183	NA	NA
ENSMUSP00000079926	0.231638418079096	180	NA	NA
ENSMUSP00000066620	0.2	168	NA	NA
ENSMUSP00000120124	0.198675496688742	154	NA	NA
ENSMUSP00000114909	0.238993710691824	162	NA	NA
ENSMUSP00000034121	0.186046511627907	175	NA	NA
ENSMUSP00000015239	0.241573033707865	181	NA	NA
ENSMUSP00000038047	0.170731707317073	167	NA	NA
ENSMUSP00000040262	0.183783783783784	188	NA	NA
ENSMUSP00000049920	0.232142857142857	171	NA	NA
ENSMUSP00000086411	0.209039548022599	180	NA	NA
ENSMUSP00000103874	0.148148148148148	84	NA	NA
ENSMUSP00000039378	0.19774011299435	180	NA	NA
ENSMUSP00000138002	0.229357798165138	112	NA	NA
ENSMUSP00000036076	0.236486486486486	151	NA	NA
ENSMUSP00000102891	0.215686274509804	156	NA	NA
ENSMUSP00000148012	0.24812030075188	136	NA	NA
ENSMUSP00000023631	0.242424242424242	168	NA	NA
ENSMUSP00000109901	0.170212765957447	97	NA	NA
ENSMUSP00000112470	0.239520958083832	170	NA	NA
ENSMUSP00000035929	0.22289156626506	169	NA	NA
ENSMUSP00000010421	0.191256830601093	186	NA	NA
ENSMUSP00000140091	0.211009174311927	112	NA	NA
ENSMUSP00000091541	0.195121951219512	85	NA	NA
ENSMUSP00000061493	0.22289156626506	169	NA	NA
ENSMUSP00000045856	0.189873417721519	161	NA	NA
ENSMUSP00000068238	0	7	0	7
ENSMUSP00000110460	0.197452229299363	160	NA	NA
ENSMUSP00000105949	0.24390243902439	167	NA	NA
ENSMUSP00000014499	0.22289156626506	169	NA	NA
ENSMUSP00000122881	0.219512195121951	126	NA	NA
ENSMUSP00000107232	0.157894736842105	155	NA	NA
ENSMUSP00000035211	0.228915662650602	169	NA	NA
ENSMUSP00000081545	0.202247191011236	181	NA	NA
ENSMUSP00000151821	0.195530726256983	182	NA	NA
ENSMUSP00000046204	0.102272727272727	179	NA	NA
ENSMUSP00000094115	0.180124223602484	164	NA	NA
ENSMUSP00000133155	0.247311827956989	96	NA	NA
ENSMUSP00000071246	0.25	167	NA	NA
ENSMUSP00000073220	0.233333333333333	183	NA	NA
ENSMUSP00000047991	0.146341463414634	167	NA	NA
ENSMUSP00000048489	0.155688622754491	170	NA	NA
ENSMUSP00000094981	0.25	51	NA	NA
ENSMUSP00000150354	0.235668789808917	160	NA	NA
ENSMUSP00000030949	0.230769230769231	159	NA	NA
ENSMUSP00000053766	0.207317073170732	167	NA	NA
ENSMUSP00000091330	0.232258064516129	158	NA	NA
ENSMUSP00000103122	0.167664670658683	170	NA	NA
ENSMUSP00000024599	0.205714285714286	178	NA	NA
