# CDS alignment filter
# PYTHON VERSION: 3.8.8
# Script call:    06_aln_filter.py -i /mnt/beegfs/gt156213e/murinae-seq/03-Alignments/exonerate-tests-rat/f200/mafft//nt/ -f 200 -s 20 -o /mnt/beegfs/gt156213e/murinae-seq/03-Alignments/exonerate-tests-rat/f200/mafft-trimmed
# Runtime:        05/07/2021 16:34:19
# ----------------
# IO OPTIONS
# Input CDS directory:    /mnt/beegfs/gt156213e/murinae-seq/03-Alignments/exonerate-tests-rat/f200/mafft/nt
# Sequence gappiness threshold:20
# Codon site gappiness threshold:50
# Output directory:       /mnt/beegfs/gt156213e/murinae-seq/03-Alignments/exonerate-tests-rat/f200/mafft-trimmed-f200-seq20-site50
# Log file:               /mnt/beegfs/gt156213e/murinae-seq/03-Alignments/exonerate-tests-rat/f200/mafft-trimmed-f200-seq20-site50/aln-stats-f200-seq20-site50.tab
# ----------------
# 05.07.2021 | 16:34:19 Beginning filter.
align	pre num seqs	pre codon aln length	pre avg nongap length	pre uniq seqs	pre ident seqs	pre gappy seqs	pre invariant sites	pre stop codons	pre percent sites with gap	pre gappy sites	sites filtered	post num seqs	post codon aln length	post avg nongap length	post uniq seqs	post ident seqs	post gappy seqs	post invariant sites	post stop codons	post percent sites with gap	post gappy sites
ENSMUSP00000000514-mafft-cds.fa	182	47	46.917582417582416	107	20	0	1	0	0	0	0	182	47	46.917582417582416	107	20	0	1	0	0	0
ENSMUSP00000000834-mafft-cds.fa	188	126	69.87765957446808	133	19	93	0	0	107	95	0	95	126	113.32631578947368	80	7	0	7	0	17	5
ENSMUSP00000001027-mafft-cds.fa	188	422	374.93617021276594	188	0	33	0	2	422	410	16	155	406	387.14193548387095	155	0	0	3	2	327	327
ENSMUSP00000001284-mafft-cds.fa	188	43	27.079787234042552	57	14	187	1	0	16	0	NA	1	NA	NA	NA	NA	NA	NA	NA	NA	NA
ENSMUSP00000001339-mafft-cds.fa	185	66	65.37297297297297	147	12	5	2	0	21	21	0	180	66	65.93333333333334	142	12	0	2	0	2	2
ENSMUSP00000001724-mafft-cds.fa	188	401	375.63829787234044	188	0	8	0	14	314	302	9	180	392	375.48333333333335	180	0	0	2	13	206	199
ENSMUSP00000003135-mafft-cds.fa	188	119	111.20744680851064	170	6	22	0	0	119	117	0	166	119	116.3012048192771	148	6	0	0	0	23	21
ENSMUSP00000003554-mafft-cds.fa	136	93	87.26470588235294	98	10	12	2	0	67	67	0	124	93	92.95967741935483	86	10	0	18	0	0	0
ENSMUSP00000003818-mafft-cds.fa	188	210	165.8244680851064	180	4	103	0	1	190	190	0	85	210	206.8	85	0	0	20	0	25	25
ENSMUSP00000004133-mafft-cds.fa	188	622	574.686170212766	186	1	9	0	1	622	616	11	179	611	582.391061452514	177	1	0	26	1	268	266
ENSMUSP00000004565-mafft-cds.fa	183	59	56.43715846994535	124	21	17	0	0	50	50	0	166	59	58.98192771084337	107	21	0	4	0	0	0
ENSMUSP00000004994-mafft-cds.fa	188	431	351.93617021276594	188	0	72	4	0	364	330	41	116	390	368.7586206896552	116	0	0	40	0	175	174
ENSMUSP00000006037-mafft-cds.fa	188	905	845.718085106383	188	0	12	6	10	685	660	13	176	892	855.1761363636364	176	0	0	9	10	417	401
ENSMUSP00000006462-mafft-cds.fa	188	314	291.5531914893617	184	2	9	0	0	284	284	0	179	314	297.0558659217877	175	2	0	31	0	53	53
ENSMUSP00000006718-mafft-cds.fa	188	378	330.00531914893617	186	1	48	0	0	378	378	0	140	378	368.23571428571427	138	1	0	36	0	168	168
ENSMUSP00000006721-mafft-cds.fa	185	48	47.94054054054054	76	26	0	4	0	0	0	0	185	48	47.94054054054054	76	26	0	4	0	0	0
ENSMUSP00000009356-mafft-cds.fa	188	181	173.09574468085106	186	1	15	0	0	181	181	0	173	181	180.40462427745663	171	1	0	7	0	7	7
ENSMUSP00000010434-mafft-cds.fa	180	131	123.41111111111111	155	10	5	0	0	97	91	4	175	127	122.66857142857143	150	10	0	1	0	25	21
ENSMUSP00000013842-mafft-cds.fa	188	128	118.10106382978724	151	10	7	0	1	107	107	0	181	128	119.98895027624309	144	10	0	3	1	52	52
ENSMUSP00000014370-mafft-cds.fa	188	108	101.80319148936171	171	5	7	0	1	87	84	4	181	104	102.00552486187846	164	5	0	3	0	26	25
ENSMUSP00000015124-mafft-cds.fa	188	118	115.81914893617021	164	11	12	0	1	96	96	0	176	118	117.95454545454545	152	11	0	11	1	1	1
ENSMUSP00000016105-mafft-cds.fa	188	255	220.20212765957447	182	3	30	0	9	220	201	18	158	237	227.67088607594937	152	3	0	18	9	73	70
ENSMUSP00000016309-mafft-cds.fa	188	101	93.83510638297872	154	11	14	0	0	72	67	5	174	96	93.89080459770115	139	12	0	11	0	6	4
ENSMUSP00000016315-mafft-cds.fa	188	302	293.1276595744681	186	1	10	0	1	253	250	4	178	298	295.46629213483146	176	1	0	8	1	32	31
ENSMUSP00000016323-mafft-cds.fa	188	297	263.0425531914894	186	1	29	0	0	297	294	0	159	297	274.2704402515723	157	1	0	5	0	199	196
ENSMUSP00000016638-mafft-cds.fa	184	75	51.91847826086956	114	19	183	3	0	27	4	NA	1	NA	NA	NA	NA	NA	NA	NA	NA	NA
ENSMUSP00000016672-mafft-cds.fa	188	188	165.51063829787233	180	4	42	0	0	161	160	0	146	188	176.17123287671234	140	3	0	21	0	48	47
ENSMUSP00000018337-mafft-cds.fa	188	186	126.07446808510639	120	21	187	0	0	186	130	NA	1	NA	NA	NA	NA	NA	NA	NA	NA	NA
ENSMUSP00000018561-mafft-cds.fa	188	397	357.218085106383	186	1	14	0	1	372	357	17	174	380	363.1609195402299	172	1	0	7	1	276	276
ENSMUSP00000019861-mafft-cds.fa	188	647	580.6276595744681	186	1	31	0	1	606	591	18	157	629	615.3248407643312	157	0	0	31	1	158	155
ENSMUSP00000023918-mafft-cds.fa	188	555	546.1436170212766	186	1	1	16	11	319	317	0	187	555	547.3101604278074	185	1	0	18	11	282	280
ENSMUSP00000026879-mafft-cds.fa	188	102	100.55851063829788	108	21	7	0	0	70	70	0	181	102	101.97790055248619	101	21	0	17	0	0	0
ENSMUSP00000027032-mafft-cds.fa	185	212	197.86486486486487	181	2	25	1	0	160	157	0	160	212	207.85	156	2	0	7	0	40	37
ENSMUSP00000027040-mafft-cds.fa	188	694	679.6702127659574	186	1	2	14	1	330	325	4	186	690	679.1612903225806	184	1	0	15	1	252	249
ENSMUSP00000027049-mafft-cds.fa	188	97	89.49468085106383	139	18	5	0	2	42	36	7	183	90	88.50273224043715	133	18	0	4	2	7	6
ENSMUSP00000027050-mafft-cds.fa	103	47	46.90291262135922	26	10	0	12	0	0	0	0	103	47	46.90291262135922	26	10	0	12	0	0	0
ENSMUSP00000027053-mafft-cds.fa	187	121	106.83422459893048	142	15	58	0	0	121	121	0	129	121	120.88372093023256	107	7	0	21	0	5	5
ENSMUSP00000027056-mafft-cds.fa	188	360	335.9148936170213	186	1	20	5	0	291	291	0	168	360	344.32738095238096	166	1	0	6	0	225	225
ENSMUSP00000027083-mafft-cds.fa	188	239	203.38297872340425	188	0	41	0	2	239	217	19	147	220	215.1904761904762	147	0	0	17	1	45	41
ENSMUSP00000027089-mafft-cds.fa	188	171	152.97340425531914	186	1	79	2	0	104	104	0	109	171	169.91743119266056	107	1	0	24	0	20	20
ENSMUSP00000027103-mafft-cds.fa	187	362	291.5080213903743	187	0	65	0	0	336	316	25	122	337	331.74590163934425	122	0	0	22	0	38	35
ENSMUSP00000027111-mafft-cds.fa	188	258	254.06382978723406	178	5	10	22	0	188	188	0	178	258	257.2303370786517	168	5	0	37	0	45	45
ENSMUSP00000027114-mafft-cds.fa	188	72	68.32978723404256	121	17	21	0	0	72	72	0	167	72	71.8622754491018	104	16	0	7	0	10	10
ENSMUSP00000027121-mafft-cds.fa	186	115	88.53763440860214	151	15	104	0	0	115	115	0	82	115	114.58536585365853	72	5	0	23	0	2	2
ENSMUSP00000027123-mafft-cds.fa	188	584	557.0372340425532	188	0	2	0	69	321	306	5	186	579	556.489247311828	186	0	0	0	69	268	256
ENSMUSP00000027125-mafft-cds.fa	187	34	33.973262032085564	76	19	0	0	0	1	1	0	187	34	33.973262032085564	76	19	0	0	0	1	1
ENSMUSP00000027127-mafft-cds.fa	188	909	886.0159574468086	188	0	1	15	4	651	645	0	187	909	886.9144385026738	187	0	0	15	4	651	645
ENSMUSP00000027128-mafft-cds.fa	188	226	215.62765957446808	184	2	12	0	1	226	226	0	176	226	219.45454545454547	172	2	0	3	1	113	113
ENSMUSP00000027131-mafft-cds.fa	188	662	636.4734042553191	184	2	4	7	1	400	387	20	184	642	631.1684782608696	180	2	0	11	0	256	254
ENSMUSP00000027139-mafft-cds.fa	188	345	314.5531914893617	188	0	12	0	6	203	180	25	176	320	316.4375	176	0	0	1	4	85	84
ENSMUSP00000027144-mafft-cds.fa	188	411	350.5159574468085	188	0	39	0	0	410	410	0	149	411	367.3959731543624	149	0	0	25	0	168	168
ENSMUSP00000027146-mafft-cds.fa	188	177	174.2712765957447	154	11	1	21	0	89	89	0	187	177	174.46524064171123	153	11	0	21	0	88	88
ENSMUSP00000027151-mafft-cds.fa	187	131	104.50802139037434	162	9	143	0	0	104	102	0	44	131	127.97727272727273	42	1	0	24	0	2	0
ENSMUSP00000027153-mafft-cds.fa	185	85	80.48108108108109	167	9	26	0	0	41	41	0	159	85	84.80503144654088	143	8	0	1	0	6	6
ENSMUSP00000027164-mafft-cds.fa	182	115	114.15934065934066	159	10	3	0	0	49	49	0	179	115	114.67039106145252	156	10	0	1	0	16	16
ENSMUSP00000027165-mafft-cds.fa	185	118	117.63783783783784	152	12	1	7	0	16	16	0	184	118	117.83152173913044	151	12	0	8	0	15	15
ENSMUSP00000027178-mafft-cds.fa	188	606	585.4840425531914	188	0	3	11	1	360	348	20	185	586	579.5135135135135	185	0	0	12	1	228	228
ENSMUSP00000027198-mafft-cds.fa	188	130	127.74468085106383	153	10	9	0	0	107	107	0	179	130	129.89944134078212	144	10	0	9	0	0	0
ENSMUSP00000027215-mafft-cds.fa	188	224	199.75531914893617	149	15	8	8	0	148	126	22	180	202	198.76111111111112	141	15	0	23	0	15	12
ENSMUSP00000027226-mafft-cds.fa	188	88	76.55319148936171	131	18	62	0	0	88	88	0	126	88	87.96825396825396	95	9	0	18	0	0	0
ENSMUSP00000027231-mafft-cds.fa	188	461	440.9414893617021	186	1	5	0	0	439	439	0	183	461	443.72131147540983	181	1	0	0	0	423	423
ENSMUSP00000027233-mafft-cds.fa	188	432	418.97340425531917	186	1	3	15	0	260	260	0	185	432	420.3081081081081	183	1	0	15	0	205	205
ENSMUSP00000027237-mafft-cds.fa	185	106	105.26486486486486	173	5	2	1	0	24	24	0	183	106	105.60655737704919	171	5	0	5	0	7	7
ENSMUSP00000027241-mafft-cds.fa	181	81	76.0828729281768	163	8	3	1	0	40	36	5	178	76	74.45505617977528	160	8	0	2	0	17	16
ENSMUSP00000027247-mafft-cds.fa	188	117	111.76063829787235	175	5	24	1	0	54	53	0	164	117	115.6890243902439	154	4	0	2	0	8	7
ENSMUSP00000027251-mafft-cds.fa	188	511	470.75531914893617	188	0	27	7	0	441	433	5	161	506	489.2173913043478	161	0	0	8	0	190	185
ENSMUSP00000027263-mafft-cds.fa	188	156	139.7872340425532	149	11	5	2	0	86	71	16	183	140	139.89071038251367	144	11	0	10	0	3	3
ENSMUSP00000027265-mafft-cds.fa	188	338	329.92021276595744	184	2	7	0	0	224	224	0	181	338	334.6685082872928	177	2	0	8	0	123	123
ENSMUSP00000027267-mafft-cds.fa	188	659	623.1648936170212	186	1	11	0	3	560	543	21	177	638	624.8644067796611	175	1	0	13	3	289	283
ENSMUSP00000027269-mafft-cds.fa	187	252	211.9144385026738	171	8	81	0	0	177	174	5	106	247	246.29245283018867	100	3	0	68	0	25	25
ENSMUSP00000027271-mafft-cds.fa	188	145	139.50531914893617	163	10	6	0	0	145	145	0	182	145	141.63736263736263	157	10	0	10	0	21	21
ENSMUSP00000027287-mafft-cds.fa	188	97	95.27127659574468	153	12	8	3	0	53	53	0	180	97	96.77222222222223	147	11	0	8	0	2	2
ENSMUSP00000027291-mafft-cds.fa	188	194	186.67021276595744	178	5	11	0	0	135	135	0	177	194	189.62146892655366	167	5	0	7	0	67	67
ENSMUSP00000027302-mafft-cds.fa	188	137	133.25531914893617	168	9	5	1	0	60	58	0	183	137	134.13661202185793	163	9	0	9	0	29	27
ENSMUSP00000027303-mafft-cds.fa	188	249	246.18617021276594	180	4	4	3	0	187	187	0	184	249	247.70108695652175	176	4	0	10	0	69	69
ENSMUSP00000027322-mafft-cds.fa	186	145	132.86021505376345	178	4	25	0	0	106	105	0	161	145	143.67701863354037	155	3	0	7	0	15	14
ENSMUSP00000027339-mafft-cds.fa	186	44	41.90860215053763	45	13	17	0	0	37	37	0	169	44	43.905325443786985	37	11	0	8	0	6	6
ENSMUSP00000027356-mafft-cds.fa	188	191	183.32978723404256	180	3	12	0	0	191	189	4	176	187	185.83522727272728	168	3	0	9	0	29	29
ENSMUSP00000027366-mafft-cds.fa	188	430	383.67021276595744	186	1	27	0	2	386	377	12	161	418	391.0869565217391	159	1	0	16	2	214	212
ENSMUSP00000027367-mafft-cds.fa	188	129	102.62765957446808	167	9	95	0	1	129	113	0	93	129	116.66666666666667	83	5	0	14	0	18	17
ENSMUSP00000027368-mafft-cds.fa	188	290	255.9468085106383	188	0	35	0	0	242	241	0	153	290	267.0980392156863	153	0	0	12	0	196	195
ENSMUSP00000027379-mafft-cds.fa	181	46	46.0	107	20	0	5	0	0	0	0	181	46	46.0	107	20	0	5	0	0	0
ENSMUSP00000027384-mafft-cds.fa	188	178	171.06382978723406	184	2	8	2	2	148	145	4	180	174	172.7111111111111	176	2	0	8	1	15	14
ENSMUSP00000027393-mafft-cds.fa	187	318	299.60427807486633	185	1	20	0	0	258	252	0	167	318	310.0059880239521	165	1	0	1	0	80	74
ENSMUSP00000027396-mafft-cds.fa	188	375	371.1010638297872	186	1	1	18	0	180	180	0	187	375	371.5882352941176	185	1	0	28	0	153	153
ENSMUSP00000027401-mafft-cds.fa	183	40	40.0	60	23	0	6	0	0	0	0	183	40	40.0	60	23	0	6	0	0	0
ENSMUSP00000027404-mafft-cds.fa	188	502	462.5744680851064	188	0	2	11	0	323	299	22	186	480	462.83870967741933	186	0	0	16	0	275	272
ENSMUSP00000027405-mafft-cds.fa	188	170	162.4627659574468	174	7	7	3	1	118	113	6	181	164	162.1878453038674	166	7	0	6	1	30	29
ENSMUSP00000027409-mafft-cds.fa	188	179	155.03191489361703	184	2	23	0	0	179	159	21	165	158	157.8969696969697	161	2	0	22	0	1	1
ENSMUSP00000027414-mafft-cds.fa	188	509	475.1489361702128	186	1	4	0	0	424	402	21	184	488	474.0597826086956	182	1	0	2	0	302	298
ENSMUSP00000027422-mafft-cds.fa	187	325	317.7165775401069	183	2	9	2	0	254	254	0	178	325	323.29213483146066	174	2	0	15	0	50	50
ENSMUSP00000027425-mafft-cds.fa	183	63	62.775956284153004	119	17	2	1	0	0	0	0	181	63	63.0	117	17	0	5	0	0	0
ENSMUSP00000027429-mafft-cds.fa	182	45	44.40659340659341	122	20	8	0	0	23	23	0	174	45	44.9080459770115	114	20	0	0	0	3	3
ENSMUSP00000027431-mafft-cds.fa	188	371	353.2340425531915	182	3	9	5	2	307	299	14	179	357	354.1731843575419	175	2	0	12	2	48	46
ENSMUSP00000027432-mafft-cds.fa	188	303	299.1436170212766	167	9	4	16	0	127	126	0	184	303	300.4945652173913	165	8	0	25	0	64	63
ENSMUSP00000027438-mafft-cds.fa	188	735	647.6223404255319	188	0	5	3	17	488	414	89	183	646	615.7322404371585	183	0	0	3	15	363	343
ENSMUSP00000027444-mafft-cds.fa	184	26	25.994565217391305	30	17	0	6	0	0	0	0	184	26	25.994565217391305	30	17	0	6	0	0	0
ENSMUSP00000027455-mafft-cds.fa	187	161	147.9144385026738	185	1	43	0	0	141	139	4	144	157	155.91666666666666	142	1	0	7	0	25	25
ENSMUSP00000027463-mafft-cds.fa	188	184	164.74468085106383	167	10	11	0	0	184	168	18	177	166	165.5141242937853	154	11	0	16	0	32	32
ENSMUSP00000027464-mafft-cds.fa	188	275	235.2712765957447	188	0	115	0	0	216	215	0	73	275	273.28767123287673	73	0	0	37	0	19	18
ENSMUSP00000027467-mafft-cds.fa	188	229	219.56382978723406	182	3	13	0	0	229	226	5	175	224	223.41714285714286	169	3	0	19	0	13	13
ENSMUSP00000027487-mafft-cds.fa	188	190	184.88297872340425	172	7	4	6	0	131	131	0	184	190	186.5054347826087	168	7	0	6	0	95	95
ENSMUSP00000027488-mafft-cds.fa	188	322	301.4308510638298	180	4	9	0	4	244	229	21	179	301	300.06145251396646	169	5	0	7	4	30	30
ENSMUSP00000027491-mafft-cds.fa	187	142	120.21390374331551	170	7	76	4	1	87	86	0	111	142	139.67567567567568	103	4	0	9	1	24	23
ENSMUSP00000027493-mafft-cds.fa	188	428	402.8031914893617	186	1	12	0	2	428	421	11	176	417	405.08522727272725	174	1	0	2	2	236	236
ENSMUSP00000027498-mafft-cds.fa	188	175	163.46808510638297	171	8	20	9	0	135	135	0	168	175	167.88095238095238	153	7	0	18	0	62	62
ENSMUSP00000027502-mafft-cds.fa	188	103	99.53191489361703	126	15	16	0	2	103	103	0	172	103	102.30813953488372	110	15	0	12	1	28	28
ENSMUSP00000027505-mafft-cds.fa	188	133	128.12234042553192	147	18	9	1	0	111	110	0	179	133	130.20670391061452	140	17	0	2	0	28	27
ENSMUSP00000027517-mafft-cds.fa	188	351	329.77127659574467	184	2	11	0	0	300	299	0	177	351	334.12994350282486	173	2	0	3	0	247	246
ENSMUSP00000027521-mafft-cds.fa	188	539	522.8882978723404	186	1	6	5	0	360	360	0	182	539	526.6153846153846	180	1	0	7	0	331	331
ENSMUSP00000027532-mafft-cds.fa	188	133	130.45744680851064	175	5	5	0	0	133	132	0	183	133	131.85792349726776	170	5	0	10	0	1	0
ENSMUSP00000027533-mafft-cds.fa	185	258	211.0162162162162	185	0	60	0	0	247	246	0	125	258	248.096	125	0	0	15	0	51	50
ENSMUSP00000027559-mafft-cds.fa	185	255	219.54054054054055	185	0	38	2	0	190	174	22	147	233	227.7074829931973	147	0	0	4	0	32	30
ENSMUSP00000027564-mafft-cds.fa	188	138	137.2659574468085	169	6	1	4	0	19	19	0	187	138	137.79144385026737	168	6	0	12	0	17	17
ENSMUSP00000027580-mafft-cds.fa	188	210	202.97340425531914	174	6	6	13	0	87	87	0	182	210	204.56593406593407	168	6	0	21	0	86	86
ENSMUSP00000027585-mafft-cds.fa	188	39	39.0	58	20	0	10	0	0	0	0	188	39	39.0	58	20	0	10	0	0	0
ENSMUSP00000027601-mafft-cds.fa	187	83	82.47058823529412	121	23	3	6	0	39	39	0	184	83	83.0	118	23	0	8	0	0	0
ENSMUSP00000027602-mafft-cds.fa	188	146	143.4468085106383	156	11	6	0	1	87	86	0	182	146	144.92307692307693	150	11	0	18	1	6	5
ENSMUSP00000027603-mafft-cds.fa	151	94	65.35761589403974	114	11	95	0	0	94	94	0	56	94	93.32142857142857	52	2	0	12	0	5	5
ENSMUSP00000027615-mafft-cds.fa	187	188	183.58823529411765	183	2	4	3	3	66	63	4	183	184	182.86885245901638	179	2	0	7	3	5	4
ENSMUSP00000027623-mafft-cds.fa	183	31	31.0	42	18	0	6	0	0	0	0	183	31	31.0	42	18	0	6	0	0	0
ENSMUSP00000027629-mafft-cds.fa	187	68	62.49197860962567	117	17	28	0	0	32	32	0	159	68	67.09433962264151	108	14	0	4	0	12	12
ENSMUSP00000027655-mafft-cds.fa	188	363	325.68617021276594	188	0	45	0	1	363	355	8	143	355	348.4895104895105	143	0	0	21	0	70	66
ENSMUSP00000027667-mafft-cds.fa	188	351	346.86170212765956	184	2	0	12	0	170	169	0	188	351	346.86170212765956	184	2	0	12	0	170	169
ENSMUSP00000027682-mafft-cds.fa	187	211	143.4385026737968	176	4	94	0	0	189	188	0	93	211	209.21505376344086	90	1	0	24	0	31	30
ENSMUSP00000027684-mafft-cds.fa	188	127	109.80851063829788	155	14	55	0	0	127	127	0	133	127	121.13533834586467	108	11	0	13	0	47	47
ENSMUSP00000027687-mafft-cds.fa	188	84	77.59574468085107	164	10	14	0	0	84	81	0	174	84	80.69540229885058	152	9	0	3	0	19	16
ENSMUSP00000027688-mafft-cds.fa	187	100	98.70053475935829	141	14	1	6	0	18	17	0	186	100	98.81182795698925	140	14	0	6	0	3	2
ENSMUSP00000027696-mafft-cds.fa	188	364	348.04787234042556	185	1	8	1	10	298	293	4	180	360	351.35	177	1	0	3	9	151	148
ENSMUSP00000027697-mafft-cds.fa	188	180	133.16489361702128	172	7	110	0	0	180	161	0	78	180	161.2051282051282	72	3	0	48	0	19	0
ENSMUSP00000027726-mafft-cds.fa	187	93	89.45989304812834	150	16	16	0	0	93	93	0	171	93	92.78947368421052	134	16	0	5	0	9	9
ENSMUSP00000027727-mafft-cds.fa	187	244	202.8235294117647	178	4	71	0	1	244	244	0	116	244	229.23275862068965	107	4	0	1	0	170	170
ENSMUSP00000027740-mafft-cds.fa	188	109	95.87765957446808	161	11	77	0	0	109	108	0	111	109	107.88288288288288	97	5	0	23	0	3	2
ENSMUSP00000027741-mafft-cds.fa	188	193	190.3031914893617	163	12	4	0	0	106	105	0	184	193	191.72826086956522	159	12	0	18	0	11	10
ENSMUSP00000027748-mafft-cds.fa	188	75	63.90425531914894	149	12	92	0	0	71	71	0	96	75	74.92708333333333	83	3	0	12	0	1	1
ENSMUSP00000027752-mafft-cds.fa	188	445	436.72872340425533	188	0	5	0	0	374	374	0	183	445	439.79234972677597	183	0	0	6	0	244	244
ENSMUSP00000027766-mafft-cds.fa	188	163	159.8244680851064	162	10	8	3	0	79	79	0	180	163	162.18333333333334	154	10	0	11	0	22	22
ENSMUSP00000027768-mafft-cds.fa	188	716	697.5212765957447	186	1	3	5	1	573	569	0	185	716	700.7513513513513	183	1	0	5	1	545	541
ENSMUSP00000027769-mafft-cds.fa	188	134	128.94148936170214	159	13	8	3	2	82	79	0	180	134	130.74444444444444	153	12	0	7	2	16	13
ENSMUSP00000027775-mafft-cds.fa	181	24	24.0	75	24	0	2	0	0	0	0	181	24	24.0	75	24	0	2	0	0	0
ENSMUSP00000027777-mafft-cds.fa	188	300	293.2340425531915	186	1	4	0	0	228	228	0	184	300	294.9728260869565	182	1	0	5	0	133	133
ENSMUSP00000027780-mafft-cds.fa	188	140	138.2127659574468	145	14	5	0	0	140	140	0	183	140	139.94535519125682	140	14	0	22	0	0	0
ENSMUSP00000027781-mafft-cds.fa	186	104	98.14516129032258	158	13	22	0	1	104	102	0	164	104	101.92073170731707	136	13	0	8	1	7	5
ENSMUSP00000027797-mafft-cds.fa	188	299	269.86170212765956	183	2	8	0	0	249	226	25	180	274	269.1166666666667	175	2	0	7	0	79	77
ENSMUSP00000027800-mafft-cds.fa	188	199	171.25531914893617	188	0	35	2	0	139	138	0	153	199	179.92156862745097	153	0	0	7	0	96	95
ENSMUSP00000027802-mafft-cds.fa	188	219	207.75	183	2	17	0	1	219	219	0	171	219	214.52631578947367	166	2	0	0	1	123	123
ENSMUSP00000027809-mafft-cds.fa	188	281	260.031914893617	186	1	27	0	3	281	277	6	161	275	270.54037267080747	159	1	0	14	3	78	78
ENSMUSP00000027810-mafft-cds.fa	188	120	117.84042553191489	175	6	6	0	4	120	120	0	182	120	119.74725274725274	169	6	0	1	4	16	16
ENSMUSP00000027812-mafft-cds.fa	188	221	193.39361702127658	182	3	26	1	0	188	172	18	162	203	198.679012345679	155	3	0	20	0	40	40
ENSMUSP00000027817-mafft-cds.fa	188	305	277.65425531914894	186	1	19	0	0	304	287	19	169	286	281.97633136094674	167	1	0	6	0	126	126
ENSMUSP00000027830-mafft-cds.fa	188	90	89.84042553191489	171	7	1	1	1	2	2	0	187	90	89.97860962566845	170	7	0	1	1	1	1
ENSMUSP00000027843-mafft-cds.fa	188	117	115.0372340425532	178	5	6	0	0	117	117	0	182	117	116.97252747252747	172	5	0	2	0	1	1
ENSMUSP00000027846-mafft-cds.fa	188	53	51.920212765957444	75	15	8	0	0	53	53	0	180	53	52.99444444444445	67	15	0	7	0	0	0
ENSMUSP00000027852-mafft-cds.fa	188	447	437.31382978723406	186	1	7	7	0	279	279	0	181	447	442.292817679558	179	1	0	12	0	219	219
ENSMUSP00000027853-mafft-cds.fa	188	36	35.962765957446805	45	17	0	6	0	1	1	0	188	36	35.962765957446805	45	17	0	6	0	1	1
ENSMUSP00000027856-mafft-cds.fa	188	426	368.3829787234043	182	3	17	21	0	350	349	76	171	350	348.1812865497076	163	4	0	50	0	80	80
ENSMUSP00000027861-mafft-cds.fa	184	102	70.79891304347827	125	15	86	1	0	70	70	0	98	102	100.94897959183673	80	8	0	14	0	2	2
ENSMUSP00000027866-mafft-cds.fa	188	228	213.62234042553192	183	2	8	0	8	207	197	9	180	219	214.62777777777777	175	2	0	1	8	57	54
ENSMUSP00000027867-mafft-cds.fa	186	322	305.68279569892474	182	2	17	7	6	158	152	4	169	318	311.7455621301775	165	2	0	18	1	72	68
ENSMUSP00000027876-mafft-cds.fa	188	284	247.9255319148936	186	1	94	0	0	256	253	0	94	284	279.6063829787234	92	1	0	25	0	41	38
ENSMUSP00000027885-mafft-cds.fa	188	490	470.76063829787233	188	0	9	2	1	432	430	0	179	490	476.69832402234636	179	0	0	3	1	352	350
ENSMUSP00000027888-mafft-cds.fa	188	997	937.7872340425532	188	0	18	29	0	669	659	13	170	984	963.3823529411765	170	0	0	91	0	404	401
ENSMUSP00000027916-mafft-cds.fa	187	66	65.81283422459893	133	21	0	1	1	11	11	0	187	66	65.81283422459893	133	21	0	1	1	11	11
ENSMUSP00000027921-mafft-cds.fa	188	121	117.49468085106383	176	5	13	0	0	121	121	0	175	121	120.89714285714285	165	4	0	4	0	4	4
ENSMUSP00000027929-mafft-cds.fa	188	257	225.2340425531915	180	4	15	32	0	178	160	20	173	237	227.8150289017341	165	4	0	38	0	70	70
ENSMUSP00000027931-mafft-cds.fa	185	152	149.23783783783784	158	11	6	0	1	107	107	0	179	152	151.37430167597765	152	11	0	3	1	26	26
ENSMUSP00000027940-mafft-cds.fa	188	151	148.2712765957447	173	6	9	0	0	151	151	0	179	151	150.84357541899442	164	6	0	12	0	4	4
ENSMUSP00000027947-mafft-cds.fa	188	332	322.6489361702128	188	0	9	0	0	332	331	0	179	332	328.0893854748603	179	0	0	7	0	140	139
ENSMUSP00000027952-mafft-cds.fa	188	1472	1377.9521276595744	188	0	4	0	0	1312	1310	4	184	1468	1380.6467391304348	184	0	0	1	0	1308	1308
ENSMUSP00000027974-mafft-cds.fa	186	100	98.05913978494624	164	9	7	0	0	100	100	0	179	100	99.84916201117318	157	9	0	6	0	2	2
ENSMUSP00000027989-mafft-cds.fa	183	65	64.83060109289617	138	13	2	3	0	0	0	0	181	65	65.0	136	13	0	6	0	0	0
ENSMUSP00000027997-mafft-cds.fa	188	55	46.20744680851064	74	16	63	4	1	28	28	0	125	55	55.0	62	11	0	13	1	0	0
ENSMUSP00000028004-mafft-cds.fa	181	29	28.988950276243095	87	17	0	2	0	1	1	0	181	29	28.988950276243095	87	17	0	2	0	1	1
ENSMUSP00000028010-mafft-cds.fa	188	302	270.2340425531915	186	1	70	0	1	299	294	8	118	294	289.635593220339	116	1	0	12	1	77	76
ENSMUSP00000028020-mafft-cds.fa	187	190	142.88235294117646	183	2	73	0	0	162	159	5	114	185	183.64912280701753	112	1	0	7	0	19	19
ENSMUSP00000028049-mafft-cds.fa	188	360	305.6914893617021	186	1	44	0	0	338	332	31	144	329	314.38194444444446	142	1	0	10	0	108	108
ENSMUSP00000034868-mafft-cds.fa	188	349	346.7925531914894	184	2	0	20	0	73	72	0	188	349	346.7925531914894	184	2	0	20	0	73	72
ENSMUSP00000035065-mafft-cds.fa	188	350	338.531914893617	186	1	9	0	1	329	329	0	179	350	343.45251396648047	177	1	0	2	1	223	223
ENSMUSP00000048519-mafft-cds.fa	188	249	240.56914893617022	188	0	15	2	2	154	152	0	173	249	245.51445086705203	173	0	0	7	0	44	42
ENSMUSP00000041851-mafft-cds.fa	188	114	91.57446808510639	172	6	100	0	0	73	73	0	88	114	113.52272727272727	85	1	0	8	0	15	15
ENSMUSP00000045291-mafft-cds.fa	187	252	232.0855614973262	187	0	23	0	0	249	247	4	164	248	238.3048780487805	164	0	0	3	0	86	86
ENSMUSP00000043103-mafft-cds.fa	188	523	480.79787234042556	186	1	1	51	0	190	152	43	187	480	475.05882352941177	185	1	0	49	0	153	152
ENSMUSP00000047213-mafft-cds.fa	188	313	266.8723404255319	188	0	72	3	3	262	262	0	116	313	310.9310344827586	116	0	0	25	2	46	46
ENSMUSP00000047551-mafft-cds.fa	187	129	126.53475935828877	184	1	6	0	1	129	129	0	181	129	128.4585635359116	178	1	0	3	1	30	30
ENSMUSP00000040310-mafft-cds.fa	187	366	299.98930481283423	184	1	107	0	2	318	317	0	80	366	355.4625	80	0	0	21	2	97	96
ENSMUSP00000045598-mafft-cds.fa	188	322	295.4414893617021	184	2	18	0	0	322	322	0	170	322	304.25882352941176	166	2	0	23	0	194	194
ENSMUSP00000047992-mafft-cds.fa	184	81	80.36413043478261	154	12	3	0	0	47	47	0	181	81	80.97790055248619	151	12	0	2	0	0	0
ENSMUSP00000048482-mafft-cds.fa	188	79	77.98404255319149	137	13	1	6	0	1	0	0	187	79	78.10160427807487	136	13	0	8	0	1	0
ENSMUSP00000039072-mafft-cds.fa	188	473	455.9308510638298	184	2	8	1	0	357	350	8	180	465	456.72222222222223	176	2	0	16	0	137	134
ENSMUSP00000042195-mafft-cds.fa	188	302	287.00531914893617	188	0	13	0	0	269	269	0	175	302	292.77142857142854	175	0	0	2	0	171	171
ENSMUSP00000042343-mafft-cds.fa	188	167	166.60106382978722	176	6	1	5	0	0	0	0	187	167	166.97860962566844	175	6	0	8	0	0	0
ENSMUSP00000044630-mafft-cds.fa	188	347	312.9148936170213	188	0	43	7	2	236	229	4	145	343	330.28275862068966	145	0	0	11	2	107	102
ENSMUSP00000045828-mafft-cds.fa	188	139	119.51063829787235	106	19	3	15	0	66	47	20	185	119	117.98918918918919	94	20	0	30	0	2	1
ENSMUSP00000039178-mafft-cds.fa	188	659	615.1382978723404	186	1	2	45	0	380	343	40	186	619	610.3870967741935	184	1	0	45	0	257	253
ENSMUSP00000039452-mafft-cds.fa	188	3433	890.5372340425532	188	0	188	4	0	3226	757	NA	0	NA	NA	NA	NA	NA	NA	NA	NA	NA
ENSMUSP00000035727-mafft-cds.fa	185	69	68.94594594594595	123	12	0	2	0	1	1	0	185	69	68.94594594594595	123	12	0	2	0	1	1
ENSMUSP00000039376-mafft-cds.fa	185	71	70.86486486486487	141	15	0	3	0	6	6	0	185	71	70.86486486486487	141	15	0	3	0	6	6
ENSMUSP00000045570-mafft-cds.fa	188	140	137.18085106382978	148	16	8	0	0	140	140	0	180	140	139.78333333333333	140	16	0	15	0	1	1
ENSMUSP00000038914-mafft-cds.fa	186	49	49.0	117	18	0	8	0	0	0	0	186	49	49.0	117	18	0	8	0	0	0
ENSMUSP00000043724-mafft-cds.fa	186	256	233.2311827956989	184	1	19	0	0	245	233	12	167	244	237.2814371257485	165	1	0	3	0	57	53
ENSMUSP00000048929-mafft-cds.fa	188	317	288.5	184	2	18	0	0	285	267	19	170	298	292.3529411764706	166	2	0	8	0	173	172
ENSMUSP00000049391-mafft-cds.fa	188	356	305.3404255319149	188	0	44	0	0	356	356	4	144	352	321.1736111111111	144	0	0	15	0	180	180
ENSMUSP00000036093-mafft-cds.fa	188	254	251.46808510638297	169	9	1	19	0	56	55	0	187	254	251.951871657754	168	9	0	32	0	56	55
ENSMUSP00000039420-mafft-cds.fa	188	302	295.63829787234044	184	2	3	9	0	125	123	4	185	298	294.9081081081081	181	2	0	20	0	45	45
ENSMUSP00000048859-mafft-cds.fa	188	399	364.8351063829787	184	2	14	1	1	398	371	29	174	370	367.45402298850576	170	2	0	31	1	91	90
ENSMUSP00000037406-mafft-cds.fa	188	666	633.2606382978723	186	1	14	19	0	325	315	9	174	657	649.4310344827586	172	1	0	73	0	78	72
ENSMUSP00000036347-mafft-cds.fa	188	218	216.93617021276594	180	4	1	19	0	58	58	0	187	218	217.31550802139037	179	4	0	21	0	35	35
ENSMUSP00000042918-mafft-cds.fa	185	62	55.924324324324324	132	12	30	0	0	62	61	0	155	62	60.05806451612903	105	11	0	6	0	15	14
ENSMUSP00000037854-mafft-cds.fa	188	893	833.3031914893617	188	0	32	0	0	850	850	0	156	893	889.6987179487179	156	0	0	56	0	150	150
ENSMUSP00000037514-mafft-cds.fa	188	160	152.8031914893617	174	6	10	0	2	94	91	4	178	156	153.3426966292135	164	6	0	2	2	40	39
ENSMUSP00000040977-mafft-cds.fa	188	165	139.38297872340425	185	1	17	0	0	162	140	20	171	145	141.85380116959064	167	1	0	9	0	8	5
ENSMUSP00000041241-mafft-cds.fa	188	797	750.9042553191489	184	2	4	85	0	460	421	38	184	759	750.9021739130435	180	2	0	120	0	249	245
ENSMUSP00000035332-mafft-cds.fa	188	251	179.52659574468086	184	2	103	0	1	251	250	0	85	251	248.64705882352942	83	1	0	23	1	36	35
ENSMUSP00000041907-mafft-cds.fa	187	203	182.72727272727272	183	2	8	3	0	136	118	18	179	185	183.72625698324023	173	3	0	9	0	7	6
ENSMUSP00000047326-mafft-cds.fa	188	264	219.93617021276594	184	1	59	0	0	264	244	22	129	242	235.74418604651163	125	1	0	28	0	81	81
ENSMUSP00000037561-mafft-cds.fa	188	346	336.531914893617	184	2	3	5	0	89	82	11	185	335	333.74054054054056	181	2	0	27	0	64	64
ENSMUSP00000040756-mafft-cds.fa	188	134	132.4787234042553	136	15	5	12	0	69	69	0	183	134	133.91256830601094	131	15	0	25	0	0	0
ENSMUSP00000045606-mafft-cds.fa	188	131	111.01063829787235	160	12	15	0	0	131	114	17	173	114	113.0	148	11	0	14	0	1	0
ENSMUSP00000035444-mafft-cds.fa	188	170	167.4627659574468	181	3	8	0	0	128	128	0	180	170	169.57222222222222	173	3	0	9	0	24	24
ENSMUSP00000037497-mafft-cds.fa	186	253	232.4731182795699	182	2	19	0	17	253	247	4	167	249	240.38922155688624	163	2	0	1	17	126	122
ENSMUSP00000045327-mafft-cds.fa	188	171	166.99468085106383	188	0	9	0	0	166	166	0	179	171	169.74301675977654	179	0	0	8	0	40	40
ENSMUSP00000035358-mafft-cds.fa	188	315	310.75	186	1	4	5	0	174	174	0	184	315	313.125	182	1	0	10	0	104	104
ENSMUSP00000036277-mafft-cds.fa	185	57	42.08108108108108	93	21	184	3	0	15	0	NA	1	NA	NA	NA	NA	NA	NA	NA	NA	NA
ENSMUSP00000038369-mafft-cds.fa	188	594	501.1329787234043	188	0	33	1	0	527	490	43	155	551	518.0	155	0	0	46	0	171	169
ENSMUSP00000041683-mafft-cds.fa	185	270	246.22702702702702	181	2	33	2	0	122	121	0	152	270	259.8618421052632	148	2	0	4	0	59	58
ENSMUSP00000048636-mafft-cds.fa	186	375	270.43548387096774	184	1	88	0	0	375	362	16	98	359	353.8265306122449	96	1	0	26	0	52	51
ENSMUSP00000044405-mafft-cds.fa	188	225	210.02659574468086	188	0	13	0	1	195	195	0	175	225	214.90285714285713	175	0	0	0	1	42	42
ENSMUSP00000047199-mafft-cds.fa	185	84	82.5027027027027	148	8	6	0	0	49	49	0	179	84	83.62011173184358	142	8	0	3	0	14	14
ENSMUSP00000037259-mafft-cds.fa	188	463	446.781914893617	188	0	7	5	0	284	282	4	181	459	449.0939226519337	181	0	0	7	0	238	238
ENSMUSP00000038297-mafft-cds.fa	188	125	123.34042553191489	148	13	5	0	0	55	55	0	183	125	124.86338797814207	143	13	0	9	0	1	1
ENSMUSP00000045841-mafft-cds.fa	188	404	392.6170212765957	186	1	6	36	1	285	283	4	182	400	395.1758241758242	180	1	0	36	1	163	163
ENSMUSP00000039839-mafft-cds.fa	188	162	140.0372340425532	178	5	51	0	1	162	160	0	137	162	155.1970802919708	133	2	0	10	1	46	44
ENSMUSP00000044945-mafft-cds.fa	182	32	32.0	74	21	0	1	0	0	0	0	182	32	32.0	74	21	0	1	0	0	0
ENSMUSP00000047291-mafft-cds.fa	188	334	295.84574468085106	188	0	11	2	0	238	236	60	177	274	272.28248587570624	175	1	0	11	0	41	40
ENSMUSP00000037930-mafft-cds.fa	188	313	309.77127659574467	181	3	2	7	0	137	137	0	186	313	310.747311827957	179	3	0	7	0	115	115
ENSMUSP00000046610-mafft-cds.fa	184	54	53.58695652173913	122	14	2	0	0	27	27	0	182	54	53.857142857142854	120	14	0	2	0	8	8
ENSMUSP00000042212-mafft-cds.fa	188	106	102.2872340425532	140	17	22	0	0	77	77	0	166	106	105.99397590361446	122	16	0	23	0	0	0
ENSMUSP00000038138-mafft-cds.fa	188	722	675.1702127659574	188	0	14	0	0	722	720	0	174	722	687.1896551724138	174	0	0	10	0	554	552
ENSMUSP00000042803-mafft-cds.fa	187	64	63.58288770053476	84	25	3	0	0	14	14	0	184	64	64.0	81	25	0	13	0	0	0
ENSMUSP00000044257-mafft-cds.fa	188	176	166.0372340425532	180	4	10	0	0	144	139	4	178	172	167.02808988764045	170	4	0	9	0	36	33
ENSMUSP00000035489-mafft-cds.fa	187	329	320.096256684492	185	1	6	3	0	293	290	4	181	325	322.2651933701657	179	1	0	16	0	63	62
ENSMUSP00000041920-mafft-cds.fa	188	803	754.6117021276596	186	1	20	0	0	803	801	0	168	803	793.6071428571429	166	1	0	37	0	281	279
ENSMUSP00000044815-mafft-cds.fa	188	683	611.5904255319149	188	0	16	0	0	654	612	47	172	636	622.3604651162791	172	0	0	12	0	258	252
ENSMUSP00000048803-mafft-cds.fa	184	321	315.2228260869565	184	0	7	7	0	124	123	0	177	321	318.954802259887	177	0	0	13	0	52	51
ENSMUSP00000043857-mafft-cds.fa	187	85	84.01604278074866	116	16	4	0	0	45	45	0	183	85	84.91803278688525	112	16	0	11	0	2	2
ENSMUSP00000045838-mafft-cds.fa	188	397	385.77127659574467	186	1	8	0	0	286	282	0	180	397	391.25	178	1	0	49	0	52	48
ENSMUSP00000046079-mafft-cds.fa	185	77	76.75675675675676	160	9	1	3	0	0	0	0	184	77	76.94565217391305	159	9	0	3	0	0	0
ENSMUSP00000047164-mafft-cds.fa	186	100	86.94623655913979	180	3	62	0	0	100	100	0	124	100	99.90322580645162	120	2	0	8	0	5	5
ENSMUSP00000036916-mafft-cds.fa	188	366	360.0	186	1	1	27	0	118	114	5	187	361	358.9572192513369	185	1	0	29	0	27	26
ENSMUSP00000042927-mafft-cds.fa	188	240	224.67021276595744	186	1	4	8	0	119	108	16	184	224	220.67391304347825	180	2	0	14	0	37	36
ENSMUSP00000046786-mafft-cds.fa	188	268	231.21808510638297	188	0	24	5	8	215	200	15	164	253	233.2012195121951	164	0	0	9	6	91	87
ENSMUSP00000059973-mafft-cds.fa	188	203	183.0372340425532	141	16	20	0	1	201	187	16	168	187	186.77380952380952	120	16	0	34	1	11	11
ENSMUSP00000051417-mafft-cds.fa	187	358	345.2620320855615	187	0	6	5	0	227	222	4	181	354	346.6629834254144	181	0	0	20	0	51	48
ENSMUSP00000051935-mafft-cds.fa	188	364	310.8191489361702	188	0	49	0	10	364	353	12	139	352	321.9712230215827	139	0	0	7	8	224	219
ENSMUSP00000058813-mafft-cds.fa	187	21	21.0	43	20	0	3	0	0	0	0	187	21	21.0	43	20	0	3	0	0	0
ENSMUSP00000058966-mafft-cds.fa	188	163	147.14361702127658	166	9	7	0	0	109	95	16	181	147	146.92265193370164	158	9	0	13	0	2	2
ENSMUSP00000058275-mafft-cds.fa	188	850	822.1489361702128	186	1	5	12	0	625	620	4	183	846	825.9453551912568	181	1	0	22	0	471	468
ENSMUSP00000061683-mafft-cds.fa	185	60	59.88648648648649	124	12	1	3	0	1	1	0	184	60	59.994565217391305	123	12	0	8	0	0	0
ENSMUSP00000059159-mafft-cds.fa	188	513	493.8351063829787	186	1	4	3	8	362	355	6	184	507	494.7554347826087	182	1	0	7	8	338	335
ENSMUSP00000049714-mafft-cds.fa	188	366	336.6276595744681	188	0	16	0	22	290	275	22	172	344	337.0813953488372	172	0	0	2	20	86	83
ENSMUSP00000060202-mafft-cds.fa	183	53	47.885245901639344	89	16	34	0	0	53	53	0	149	53	52.97315436241611	71	11	0	5	0	0	0
ENSMUSP00000049967-mafft-cds.fa	188	327	290.24468085106383	186	1	34	0	1	327	327	0	154	327	304.42857142857144	152	1	0	8	1	248	248
ENSMUSP00000051579-mafft-cds.fa	188	348	269.25531914893617	186	1	71	0	0	309	240	75	117	273	272.008547008547	115	1	0	42	0	1	0
ENSMUSP00000054499-mafft-cds.fa	188	861	846.781914893617	188	0	3	46	0	585	584	0	185	861	851.1567567567567	185	0	0	46	0	528	527
ENSMUSP00000057212-mafft-cds.fa	184	274	178.32065217391303	184	0	108	0	1	274	259	0	76	274	252.93421052631578	76	0	0	21	0	85	70
ENSMUSP00000050862-mafft-cds.fa	183	205	199.0601092896175	181	1	9	3	2	97	96	0	174	205	202.22988505747125	172	1	0	12	2	54	53
ENSMUSP00000059389-mafft-cds.fa	188	306	250.25531914893617	184	2	55	0	0	261	246	23	133	283	261.49624060150376	129	2	0	16	0	123	123
ENSMUSP00000054719-mafft-cds.fa	188	231	206.54255319148936	180	4	39	9	0	145	145	0	149	231	217.08053691275168	141	4	0	28	0	105	105
ENSMUSP00000056855-mafft-cds.fa	188	85	82.84574468085107	130	21	6	18	1	60	60	0	182	85	84.75274725274726	129	20	0	18	1	8	8
ENSMUSP00000051248-mafft-cds.fa	185	906	723.7189189189189	185	0	68	30	0	695	691	5	117	901	886.3760683760684	117	0	0	202	0	237	236
ENSMUSP00000071616-mafft-cds.fa	188	252	185.58510638297872	188	0	188	0	31	198	140	NA	0	NA	NA	NA	NA	NA	NA	NA	NA	NA
ENSMUSP00000050495-mafft-cds.fa	188	378	357.92021276595744	186	1	5	5	4	290	290	0	183	378	360.0163934426229	181	1	0	7	4	252	252
ENSMUSP00000057112-mafft-cds.fa	188	388	381.98936170212767	186	1	5	8	0	256	256	0	183	388	385.27868852459017	181	1	0	18	0	96	96
ENSMUSP00000061597-mafft-cds.fa	181	509	428.1546961325967	181	0	71	3	1	424	417	7	110	502	488.8181818181818	110	0	0	41	0	143	141
ENSMUSP00000060622-mafft-cds.fa	185	202	149.47027027027028	176	3	85	1	0	169	169	0	100	202	199.51	100	0	0	15	0	56	56
ENSMUSP00000060769-mafft-cds.fa	188	873	825.1223404255319	188	0	7	0	17	770	754	15	181	858	828.3038674033149	181	0	0	2	16	532	524
ENSMUSP00000050454-mafft-cds.fa	188	1363	1291.2978723404256	188	0	11	4	5	1247	1237	12	177	1351	1308.135593220339	177	0	0	10	4	999	995
ENSMUSP00000050823-mafft-cds.fa	187	55	54.973262032085564	117	25	0	5	0	2	2	0	187	55	54.973262032085564	117	25	0	5	0	2	2
ENSMUSP00000056530-mafft-cds.fa	188	869	723.3457446808511	188	0	35	18	0	689	592	124	153	745	734.6928104575163	153	0	0	45	0	195	193
ENSMUSP00000053181-mafft-cds.fa	127	25	24.992125984251967	63	14	0	3	0	0	0	0	127	25	24.992125984251967	63	14	0	3	0	0	0
ENSMUSP00000061229-mafft-cds.fa	185	39	39.0	49	20	0	6	0	0	0	0	185	39	39.0	49	20	0	6	0	0	0
ENSMUSP00000058548-mafft-cds.fa	188	171	151.4627659574468	182	3	79	0	0	171	171	0	109	171	170.43119266055047	105	2	0	14	0	13	13
ENSMUSP00000061769-mafft-cds.fa	188	89	70.75	125	20	13	0	0	89	73	18	175	71	70.99428571428571	112	18	0	16	0	0	0
ENSMUSP00000058008-mafft-cds.fa	188	150	139.7712765957447	165	10	0	9	0	23	13	12	188	138	137.72340425531914	165	10	0	9	0	13	13
ENSMUSP00000056212-mafft-cds.fa	183	175	130.95081967213116	169	5	71	1	0	166	166	0	112	175	174.50892857142858	106	3	0	17	0	15	15
ENSMUSP00000054126-mafft-cds.fa	188	164	148.03191489361703	182	3	22	0	0	135	135	0	166	164	153.77710843373495	162	2	0	1	0	106	106
ENSMUSP00000050832-mafft-cds.fa	188	548	536.6382978723404	188	0	4	15	0	411	409	4	184	544	537.7934782608696	184	0	0	19	0	291	291
ENSMUSP00000052919-mafft-cds.fa	188	141	134.23936170212767	167	7	9	0	0	109	105	4	179	137	135.00558659217876	158	7	0	27	0	2	0
ENSMUSP00000060110-mafft-cds.fa	188	283	256.718085106383	180	4	36	0	0	283	283	0	152	283	280.44736842105266	146	3	0	43	0	78	78
ENSMUSP00000050388-mafft-cds.fa	188	180	173.5372340425532	178	4	6	0	5	180	179	0	182	180	175.42857142857142	172	4	0	5	5	40	39
ENSMUSP00000052078-mafft-cds.fa	188	488	459.79787234042556	188	0	13	0	0	377	376	0	175	488	466.89714285714285	175	0	0	7	0	322	321
ENSMUSP00000069379-mafft-cds.fa	188	345	312.09574468085106	186	1	13	0	0	345	329	18	175	327	316.62857142857143	173	1	0	16	0	52	52
ENSMUSP00000066582-mafft-cds.fa	186	48	47.973118279569896	88	21	0	5	0	0	0	0	186	48	47.973118279569896	88	21	0	5	0	0	0
ENSMUSP00000067614-mafft-cds.fa	188	398	334.9414893617021	175	6	83	14	0	296	266	36	105	362	348.56190476190477	97	4	0	56	0	69	69
ENSMUSP00000068971-mafft-cds.fa	188	170	165.67021276595744	178	5	7	0	0	170	169	0	181	170	168.55248618784532	171	5	0	8	0	23	22
ENSMUSP00000067516-mafft-cds.fa	188	381	354.40425531914894	184	2	16	1	0	340	332	11	172	370	356.70348837209303	168	2	0	6	0	205	203
ENSMUSP00000068309-mafft-cds.fa	188	319	262.65425531914894	184	2	90	0	0	264	256	13	98	306	292.44897959183675	96	1	0	56	0	58	57
ENSMUSP00000067527-mafft-cds.fa	188	215	205.27659574468086	182	3	5	0	0	179	173	9	183	206	203.7704918032787	177	3	0	7	0	61	60
ENSMUSP00000064500-mafft-cds.fa	188	295	260.718085106383	175	6	88	19	1	102	97	7	100	288	286.95	92	4	0	61	0	31	31
ENSMUSP00000064002-mafft-cds.fa	188	509	500.4095744680851	186	1	4	21	2	247	245	4	184	505	500.8478260869565	182	1	0	57	2	179	179
ENSMUSP00000069326-mafft-cds.fa	188	167	164.23936170212767	183	2	8	0	0	167	167	0	180	167	166.84444444444443	175	2	0	23	0	0	0
ENSMUSP00000067581-mafft-cds.fa	186	826	774.0215053763441	186	0	16	0	0	826	823	0	170	826	811.3176470588236	170	0	0	34	0	209	206
ENSMUSP00000070726-mafft-cds.fa	188	270	180.4787234042553	185	1	145	2	2	253	206	0	43	270	223.5581395348837	43	0	0	83	0	49	2
ENSMUSP00000068895-mafft-cds.fa	188	225	213.62234042553192	179	4	15	0	0	225	223	0	173	225	220.11560693641619	164	4	0	4	0	114	112
ENSMUSP00000068111-mafft-cds.fa	183	25	25.0	27	9	0	6	0	0	0	0	183	25	25.0	27	9	0	6	0	0	0
ENSMUSP00000066894-mafft-cds.fa	188	159	142.46808510638297	173	7	13	0	0	159	148	17	175	142	140.00571428571428	155	9	0	17	0	18	17
ENSMUSP00000066620-mafft-cds.fa	188	419	391.9255319148936	188	0	19	0	0	419	413	4	169	415	402.89940828402365	169	0	0	7	0	142	138
ENSMUSP00000069851-mafft-cds.fa	188	68	66.18617021276596	109	20	10	0	0	68	68	0	178	68	68.0	103	18	0	8	0	0	0
ENSMUSP00000070868-mafft-cds.fa	188	133	125.02659574468085	166	6	28	0	0	133	133	0	160	133	132.16875	140	5	0	26	0	3	3
ENSMUSP00000066701-mafft-cds.fa	188	124	103.21808510638297	119	19	18	0	0	124	104	22	170	102	102.0	102	16	0	33	0	0	0
ENSMUSP00000068804-mafft-cds.fa	188	90	69.47340425531915	88	23	187	3	0	41	22	NA	1	NA	NA	NA	NA	NA	NA	NA	NA	NA
ENSMUSP00000071875-mafft-cds.fa	188	112	109.77659574468085	141	14	6	6	0	64	64	0	182	112	111.81318681318682	137	13	0	21	0	12	12
ENSMUSP00000072039-mafft-cds.fa	187	90	74.61497326203208	163	10	78	0	0	90	90	0	109	90	90.0	95	6	0	16	0	0	0
ENSMUSP00000072660-mafft-cds.fa	188	138	120.63297872340425	181	3	57	0	0	138	137	0	131	138	134.793893129771	124	3	0	6	0	50	49
ENSMUSP00000072763-mafft-cds.fa	188	230	214.0744680851064	183	2	8	1	52	187	186	3	180	227	215.01666666666668	175	2	0	23	51	69	68
ENSMUSP00000072803-mafft-cds.fa	188	363	344.72872340425533	188	0	14	0	1	363	362	0	174	363	354.41379310344826	174	0	0	11	1	120	119
ENSMUSP00000072863-mafft-cds.fa	188	256	231.83510638297872	182	3	9	0	1	196	176	22	179	234	233.18435754189943	172	3	0	13	1	40	40
ENSMUSP00000072983-mafft-cds.fa	188	296	291.7074468085106	182	3	2	6	0	138	138	0	186	296	292.5967741935484	180	3	0	8	0	103	103
ENSMUSP00000073072-mafft-cds.fa	188	239	213.86702127659575	184	2	16	0	0	126	126	0	172	239	218.68023255813952	168	2	0	16	0	72	72
ENSMUSP00000073190-mafft-cds.fa	188	1450	1368.122340425532	186	1	11	1	2	1351	1336	13	177	1437	1386.734463276836	175	1	0	16	2	1010	1004
ENSMUSP00000073220-mafft-cds.fa	188	782	767.5904255319149	188	0	1	3	0	462	461	0	187	782	768.4545454545455	187	0	0	3	0	337	336
ENSMUSP00000074340-mafft-cds.fa	188	1924	1884.4893617021276	188	0	2	17	1	1323	1323	0	186	1924	1888.8817204301076	186	0	0	22	1	1215	1215
ENSMUSP00000074837-mafft-cds.fa	188	576	549.0425531914893	188	0	6	3	0	462	451	15	182	561	546.7747252747253	182	0	0	18	0	226	223
ENSMUSP00000075839-mafft-cds.fa	188	198	193.9627659574468	172	7	5	0	0	185	185	0	183	198	196.6120218579235	167	7	0	12	0	87	87
ENSMUSP00000076160-mafft-cds.fa	188	390	358.02659574468083	182	3	9	9	6	301	277	26	179	364	359.2513966480447	173	3	0	26	6	125	123
ENSMUSP00000076220-mafft-cds.fa	183	43	42.994535519125684	101	20	0	1	1	0	0	0	183	43	42.994535519125684	101	20	0	1	1	0	0
ENSMUSP00000076564-mafft-cds.fa	188	241	231.86170212765958	182	3	21	0	0	241	241	0	167	241	239.37125748502993	161	3	0	17	0	60	60
ENSMUSP00000076830-mafft-cds.fa	188	135	113.75	121	20	12	0	0	135	116	20	176	115	114.00568181818181	112	18	0	20	0	1	0
ENSMUSP00000076933-mafft-cds.fa	182	80	46.989010989010985	135	10	181	0	3	80	59	NA	1	NA	NA	NA	NA	NA	NA	NA	NA	NA
ENSMUSP00000076948-mafft-cds.fa	188	84	80.44148936170212	142	13	22	0	0	84	84	0	166	84	83.96987951807229	120	13	0	6	0	1	1
ENSMUSP00000077135-mafft-cds.fa	187	336	275.19786096256684	185	1	67	0	1	336	331	7	120	329	326.1666666666667	118	1	0	15	1	54	54
ENSMUSP00000077563-mafft-cds.fa	188	558	529.1702127659574	188	0	6	30	0	322	320	4	182	554	530.6098901098901	182	0	0	38	0	266	266
ENSMUSP00000077914-mafft-cds.fa	182	65	64.96703296703296	133	19	0	4	0	0	0	0	182	65	64.96703296703296	133	19	0	4	0	0	0
ENSMUSP00000078914-mafft-cds.fa	185	87	78.76216216216216	115	16	38	3	0	62	62	0	147	87	86.96598639455782	94	13	0	11	0	0	0
ENSMUSP00000079062-mafft-cds.fa	184	56	47.04891304347826	107	20	0	6	0	9	0	9	184	47	46.005434782608695	107	20	0	6	0	1	0
ENSMUSP00000079883-mafft-cds.fa	181	33	32.71823204419889	92	18	2	0	1	12	12	0	179	33	32.849162011173185	90	18	0	0	1	6	6
ENSMUSP00000079926-mafft-cds.fa	188	1011	980.0212765957447	188	0	3	8	0	661	653	11	185	1000	981.1675675675675	185	0	0	21	0	486	485
ENSMUSP00000080266-mafft-cds.fa	188	269	205.88297872340425	188	0	104	9	11	191	164	0	84	269	228.29761904761904	84	0	0	35	3	122	95
ENSMUSP00000080796-mafft-cds.fa	188	167	161.68085106382978	173	6	13	0	0	167	166	0	175	167	165.11428571428573	160	6	0	10	0	37	36
ENSMUSP00000082691-mafft-cds.fa	188	398	381.5425531914894	186	1	12	0	1	356	347	15	176	383	381.09090909090907	174	1	0	8	1	77	77
ENSMUSP00000082710-mafft-cds.fa	188	278	267.9840425531915	186	1	7	0	0	278	278	0	181	278	271.9889502762431	179	1	0	15	0	164	164
ENSMUSP00000082777-mafft-cds.fa	155	35	34.99354838709677	68	24	0	5	0	0	0	0	155	35	34.99354838709677	68	24	0	5	0	0	0
ENSMUSP00000082821-mafft-cds.fa	188	277	238.56914893617022	186	1	40	0	1	247	230	17	148	260	253.70945945945945	146	1	0	17	0	129	128
ENSMUSP00000083076-mafft-cds.fa	188	434	427.26063829787233	185	1	4	5	0	252	252	0	184	434	430.05434782608694	181	1	0	14	0	143	143
ENSMUSP00000083077-mafft-cds.fa	188	521	460.3244680851064	188	0	21	0	0	493	476	23	167	498	465.64071856287427	167	0	0	8	0	358	358
ENSMUSP00000083241-mafft-cds.fa	188	590	551.6329787234042	188	0	5	5	0	533	532	0	183	590	554.4043715846994	183	0	0	5	0	410	409
ENSMUSP00000083300-mafft-cds.fa	188	134	126.88297872340425	175	5	17	0	0	88	87	0	171	134	130.39766081871346	158	5	0	10	0	26	25
ENSMUSP00000083375-mafft-cds.fa	188	163	156.21808510638297	181	3	12	0	3	163	161	0	176	163	159.9659090909091	169	3	0	2	3	43	41
ENSMUSP00000083611-mafft-cds.fa	188	319	308.4255319148936	188	0	7	5	0	209	205	5	181	314	309.8839779005525	181	0	0	11	0	141	140
ENSMUSP00000083620-mafft-cds.fa	188	806	637.9734042553191	188	0	89	0	0	708	600	98	99	708	668.10101010101	99	0	0	74	0	155	138
ENSMUSP00000083707-mafft-cds.fa	188	474	466.32978723404256	188	0	3	6	0	400	400	0	185	474	469.84324324324325	185	0	0	15	0	188	188
ENSMUSP00000083747-mafft-cds.fa	146	161	110.73972602739725	105	9	91	0	0	161	161	0	55	161	160.6	51	2	0	79	0	2	2
ENSMUSP00000083806-mafft-cds.fa	188	267	260.4840425531915	188	0	12	0	0	211	211	0	176	267	266.02272727272725	176	0	0	9	0	22	22
ENSMUSP00000083896-mafft-cds.fa	188	95	92.85106382978724	144	15	9	0	0	95	95	0	179	95	94.98882681564245	135	15	0	8	0	1	1
ENSMUSP00000083944-mafft-cds.fa	188	1107	1086.2287234042553	188	0	1	19	11	399	392	7	187	1100	1084.5026737967914	187	0	0	19	11	394	391
ENSMUSP00000084029-mafft-cds.fa	188	774	712.2765957446809	188	0	14	0	0	709	708	32	174	742	712.7988505747127	174	0	0	6	0	489	488
ENSMUSP00000084054-mafft-cds.fa	188	228	223.27659574468086	179	3	6	4	0	110	110	0	182	228	226.41758241758242	173	3	0	6	0	63	63
ENSMUSP00000084062-mafft-cds.fa	182	140	138.9010989010989	164	9	2	7	0	47	47	0	180	140	139.60555555555555	162	9	0	14	0	20	20
ENSMUSP00000084361-mafft-cds.fa	188	1182	1148.372340425532	188	0	1	21	1	786	779	7	187	1175	1147.6951871657755	187	0	0	23	1	773	771
ENSMUSP00000084430-mafft-cds.fa	188	448	439.968085106383	181	3	1	20	0	318	318	0	187	448	440.7005347593583	180	3	0	20	0	181	181
ENSMUSP00000084466-mafft-cds.fa	182	30	29.96153846153846	31	16	0	4	0	2	2	0	182	30	29.96153846153846	31	16	0	4	0	2	2
ENSMUSP00000084478-mafft-cds.fa	188	98	95.83510638297872	125	16	11	0	0	60	60	0	177	98	97.79661016949153	114	16	0	14	0	5	5
ENSMUSP00000084523-mafft-cds.fa	188	754	725.0	188	0	4	4	0	589	586	5	184	749	726.4130434782609	184	0	0	11	0	525	525
ENSMUSP00000084633-mafft-cds.fa	188	118	109.37765957446808	149	14	40	0	0	118	117	0	148	118	117.0	115	11	0	33	0	1	0
ENSMUSP00000084701-mafft-cds.fa	188	651	635.0531914893617	188	0	5	22	1	574	573	0	183	651	644.0601092896175	183	0	0	58	1	205	204
ENSMUSP00000085192-mafft-cds.fa	188	778	663.9255319148937	188	0	23	1	0	723	657	72	165	706	670.1696969696969	165	0	0	10	0	357	357
ENSMUSP00000085244-mafft-cds.fa	188	592	581.7127659574468	188	0	3	34	0	376	376	0	185	592	584.1189189189189	185	0	0	43	0	376	376
ENSMUSP00000085826-mafft-cds.fa	188	141	135.89361702127658	157	9	3	5	43	61	59	0	185	141	136.72432432432433	154	9	0	12	43	32	30
ENSMUSP00000085900-mafft-cds.fa	186	298	238.88172043010752	186	0	113	0	0	293	293	0	73	298	296.3972602739726	73	0	0	19	0	20	20
ENSMUSP00000085986-mafft-cds.fa	188	1124	998.4255319148937	188	0	19	10	0	1011	978	38	169	1086	1014.8698224852071	169	0	0	10	0	851	850
ENSMUSP00000086034-mafft-cds.fa	188	504	491.5159574468085	182	3	4	6	0	346	346	0	184	504	494.4728260869565	178	3	0	12	0	275	275
ENSMUSP00000086041-mafft-cds.fa	118	22	21.991525423728813	22	9	0	6	0	0	0	0	118	22	21.991525423728813	22	9	0	6	0	0	0
ENSMUSP00000087763-mafft-cds.fa	188	285	270.73936170212767	178	5	9	2	0	235	233	0	179	285	276.6368715083799	171	4	0	8	0	73	71
ENSMUSP00000088935-mafft-cds.fa	188	101	85.30319148936171	129	19	82	0	2	101	97	6	106	95	94.91509433962264	64	13	0	37	1	1	1
ENSMUSP00000092135-mafft-cds.fa	181	41	36.972375690607734	102	21	33	2	0	22	22	0	148	41	40.763513513513516	89	17	0	3	0	7	7
ENSMUSP00000092210-mafft-cds.fa	188	296	263.1648936170213	186	1	65	0	0	296	295	0	123	296	291.3983739837398	121	1	0	6	0	59	58
ENSMUSP00000092440-mafft-cds.fa	188	540	526.8670212765958	186	1	7	14	0	435	434	0	181	540	531.3977900552486	179	1	0	21	0	320	319
ENSMUSP00000092624-mafft-cds.fa	188	589	577.9627659574468	186	1	3	29	0	357	354	0	185	589	580.1243243243243	183	1	0	37	0	235	232
ENSMUSP00000092630-mafft-cds.fa	184	141	132.85326086956522	176	4	6	2	32	83	80	0	178	141	134.42134831460675	170	4	0	4	31	45	42
ENSMUSP00000095051-mafft-cds.fa	188	665	612.2712765957447	186	1	14	4	0	633	604	38	174	627	618.3218390804598	172	1	0	23	0	212	208
ENSMUSP00000095101-mafft-cds.fa	188	153	148.40425531914894	169	8	11	0	0	153	152	0	177	153	151.23728813559322	158	8	0	8	0	29	28
ENSMUSP00000095169-mafft-cds.fa	187	90	80.50802139037434	145	14	29	0	1	90	86	8	158	82	81.80379746835443	115	14	0	3	1	5	5
ENSMUSP00000095195-mafft-cds.fa	188	666	613.9202127659574	188	0	8	11	0	553	545	12	180	654	616.2777777777778	180	0	0	23	0	418	418
ENSMUSP00000095235-mafft-cds.fa	186	55	54.973118279569896	145	18	0	1	0	1	1	0	186	55	54.973118279569896	145	18	0	1	0	1	1
ENSMUSP00000095249-mafft-cds.fa	188	273	244.25	186	1	40	1	0	202	202	0	148	273	257.35135135135135	146	1	0	5	0	151	151
ENSMUSP00000095255-mafft-cds.fa	161	45	28.993788819875775	70	17	160	4	0	19	3	NA	1	NA	NA	NA	NA	NA	NA	NA	NA	NA
ENSMUSP00000095270-mafft-cds.fa	188	264	234.17021276595744	184	2	37	0	1	264	263	0	151	264	247.5430463576159	147	2	0	17	1	131	130
ENSMUSP00000095316-mafft-cds.fa	188	282	250.93617021276594	186	1	26	5	0	241	239	27	162	255	249.52469135802468	160	1	1	8	0	124	123
ENSMUSP00000095329-mafft-cds.fa	188	123	73.95744680851064	138	16	133	0	0	97	97	0	55	123	122.94545454545455	53	1	0	36	0	0	0
ENSMUSP00000095346-mafft-cds.fa	188	225	189.91489361702128	173	7	6	13	0	109	75	37	182	188	187.95604395604394	167	7	0	32	0	4	4
ENSMUSP00000095379-mafft-cds.fa	188	182	176.56382978723406	182	3	8	2	0	122	121	0	180	182	180.07777777777778	174	3	0	5	0	26	25
ENSMUSP00000095383-mafft-cds.fa	188	103	94.70212765957447	150	13	55	0	0	103	103	0	133	103	103.0	102	10	0	20	0	0	0
ENSMUSP00000095385-mafft-cds.fa	185	409	383.94594594594594	183	1	18	3	1	323	317	5	167	404	393.622754491018	165	1	0	8	1	61	58
ENSMUSP00000095420-mafft-cds.fa	188	712	622.0372340425532	188	0	30	12	0	581	561	46	158	666	630.6962025316456	158	0	0	21	0	377	374
ENSMUSP00000099891-mafft-cds.fa	188	141	135.81914893617022	175	5	11	0	1	141	140	0	177	141	139.6723163841808	164	5	0	4	1	10	9
ENSMUSP00000106479-mafft-cds.fa	188	170	165.8404255319149	158	11	8	0	0	170	170	0	180	170	169.57222222222222	150	11	0	38	0	22	22
ENSMUSP00000106564-mafft-cds.fa	188	278	269.09574468085106	178	4	8	4	0	226	224	0	180	278	272.1333333333333	170	4	0	36	0	128	126
ENSMUSP00000106734-mafft-cds.fa	188	215	178.25	184	2	48	0	0	215	215	0	140	215	194.67857142857142	138	1	0	13	0	129	129
ENSMUSP00000106789-mafft-cds.fa	188	293	276.9095744680851	176	6	7	1	24	161	160	0	181	293	279.81767955801104	169	6	0	23	24	103	102
ENSMUSP00000106861-mafft-cds.fa	188	155	146.44148936170214	179	4	13	0	3	109	105	5	175	150	147.9142857142857	167	3	0	3	3	32	31
ENSMUSP00000106874-mafft-cds.fa	188	533	481.8829787234043	188	0	31	0	0	533	532	0	157	533	501.4012738853503	157	0	0	1	0	462	461
ENSMUSP00000106895-mafft-cds.fa	188	474	463.25	186	1	1	32	0	246	245	0	187	474	464.03743315508024	185	1	0	39	0	235	234
ENSMUSP00000106917-mafft-cds.fa	188	244	226.36170212765958	184	2	11	0	0	244	243	0	177	244	231.05084745762713	173	2	0	16	0	28	27
ENSMUSP00000106920-mafft-cds.fa	184	34	33.97826086956522	47	14	0	6	0	2	2	0	184	34	33.97826086956522	47	14	0	6	0	2	2
ENSMUSP00000106945-mafft-cds.fa	188	270	263.07978723404256	182	3	3	2	0	73	70	5	185	265	262.2432432432432	179	3	0	20	0	56	56
ENSMUSP00000106947-mafft-cds.fa	188	586	474.52127659574467	186	1	88	0	0	528	522	4	100	582	549.74	100	0	0	44	0	232	228
ENSMUSP00000106983-mafft-cds.fa	188	252	236.56914893617022	184	2	28	0	0	252	252	0	160	252	246.95	156	2	0	11	0	99	99
ENSMUSP00000106999-mafft-cds.fa	185	32	32.0	54	18	0	4	0	0	0	0	185	32	32.0	54	18	0	4	0	0	0
ENSMUSP00000107008-mafft-cds.fa	188	243	227.37234042553192	188	0	15	1	0	218	216	0	173	243	232.0635838150289	173	0	0	13	0	118	116
ENSMUSP00000107017-mafft-cds.fa	188	255	212.4468085106383	188	0	46	3	0	208	190	20	142	235	223.29577464788733	142	0	0	11	0	109	108
ENSMUSP00000107047-mafft-cds.fa	188	147	143.22340425531914	175	4	17	0	0	40	40	0	171	147	146.953216374269	158	4	0	17	0	1	1
ENSMUSP00000107245-mafft-cds.fa	188	288	282.8510638297872	175	6	8	0	0	239	239	0	180	288	286.5722222222222	167	6	0	23	0	71	71
ENSMUSP00000107490-mafft-cds.fa	188	182	178.56382978723406	178	5	4	0	0	146	146	0	184	182	180.0	174	5	0	7	0	85	85
ENSMUSP00000107544-mafft-cds.fa	188	155	150.1595744680851	166	8	6	3	0	100	100	0	182	155	151.63736263736263	160	8	0	8	0	53	53
ENSMUSP00000107661-mafft-cds.fa	188	292	279.25531914893617	184	2	9	18	0	154	153	0	179	292	282.53072625698326	175	2	0	32	0	114	113
ENSMUSP00000107851-mafft-cds.fa	188	206	200.29255319148936	165	8	4	0	0	159	159	0	184	206	201.79347826086956	161	8	0	18	0	76	76
ENSMUSP00000108189-mafft-cds.fa	188	161	144.39361702127658	123	19	13	7	0	105	91	15	175	146	145.92	109	19	0	31	0	0	0
ENSMUSP00000108260-mafft-cds.fa	188	395	382.1010638297872	188	0	1	0	0	261	261	0	187	395	382.9732620320856	187	0	0	6	0	249	249
ENSMUSP00000108321-mafft-cds.fa	188	435	425.02659574468083	186	1	3	6	0	266	266	0	185	435	426.6918918918919	183	1	0	7	0	265	265
ENSMUSP00000108350-mafft-cds.fa	188	46	45.994680851063826	94	20	0	2	0	0	0	0	188	46	45.994680851063826	94	20	0	2	0	0	0
ENSMUSP00000108356-mafft-cds.fa	188	296	263.78723404255317	188	0	42	0	3	291	287	4	146	292	277.90410958904107	146	0	0	4	2	226	224
ENSMUSP00000108464-mafft-cds.fa	188	256	250.7659574468085	177	5	7	0	0	191	191	0	181	256	255.08839779005524	170	5	0	15	0	25	25
ENSMUSP00000108566-mafft-cds.fa	185	166	158.76216216216216	181	2	18	0	2	94	94	0	167	166	163.7305389221557	163	2	0	2	1	48	48
ENSMUSP00000108739-mafft-cds.fa	188	429	416.9414893617021	188	0	10	3	0	371	371	0	178	429	421.7865168539326	178	0	0	13	0	146	146
ENSMUSP00000108755-mafft-cds.fa	188	356	343.96276595744683	188	0	8	0	1	335	333	0	180	356	348.96666666666664	180	0	0	12	1	159	157
ENSMUSP00000108815-mafft-cds.fa	188	278	224.03191489361703	176	5	26	0	2	229	181	52	162	226	225.96296296296296	147	6	0	27	2	0	0
ENSMUSP00000108861-mafft-cds.fa	188	110	95.27659574468085	105	22	4	0	1	51	37	14	184	96	94.90760869565217	101	21	0	16	1	7	6
ENSMUSP00000108895-mafft-cds.fa	188	267	247.29255319148936	186	1	31	0	0	236	236	0	157	267	260.4458598726115	155	1	0	3	0	187	187
ENSMUSP00000108934-mafft-cds.fa	188	92	73.23936170212765	119	21	5	0	0	62	44	20	183	72	72.0	112	22	0	9	0	0	0
ENSMUSP00000109084-mafft-cds.fa	188	308	295.54787234042556	188	0	14	0	0	308	307	0	174	308	302.9942528735632	174	0	0	2	0	143	142
ENSMUSP00000109140-mafft-cds.fa	188	104	102.51595744680851	153	15	3	0	0	81	81	0	185	104	103.45405405405405	150	15	0	5	0	21	21
ENSMUSP00000109197-mafft-cds.fa	188	727	713.8936170212766	188	0	4	5	2	470	470	0	184	727	717.820652173913	184	0	0	17	1	372	372
ENSMUSP00000109205-mafft-cds.fa	188	340	288.3936170212766	180	4	42	7	0	286	259	27	146	313	308.472602739726	138	4	0	43	0	26	22
ENSMUSP00000109214-mafft-cds.fa	188	109	92.87234042553192	137	16	5	0	0	109	94	15	183	94	92.9672131147541	134	15	0	6	0	2	1
ENSMUSP00000109253-mafft-cds.fa	188	628	586.2606382978723	184	2	6	14	0	344	324	22	182	606	588.8516483516484	176	3	0	37	0	143	143
ENSMUSP00000109361-mafft-cds.fa	188	356	352.0744680851064	182	3	4	17	0	199	199	0	184	356	354.35869565217394	178	3	0	35	0	81	81
ENSMUSP00000109366-mafft-cds.fa	188	523	514.8244680851063	184	2	5	9	1	340	338	0	183	523	518.7704918032787	179	2	0	38	1	94	92
ENSMUSP00000109451-mafft-cds.fa	188	115	99.37765957446808	132	13	23	3	4	78	66	18	165	97	96.66060606060606	106	13	0	9	3	11	11
ENSMUSP00000109628-mafft-cds.fa	188	71	70.13297872340425	80	22	5	0	0	35	35	0	183	71	70.92349726775956	75	22	0	14	0	2	2
ENSMUSP00000109650-mafft-cds.fa	188	155	152.73936170212767	158	12	7	0	0	102	102	0	181	155	154.35911602209944	151	12	0	8	0	43	43
ENSMUSP00000109728-mafft-cds.fa	188	210	199.76063829787233	184	2	16	0	1	210	210	0	172	210	207.80232558139534	170	1	0	6	1	37	37
ENSMUSP00000109881-mafft-cds.fa	188	295	273.75531914893617	182	3	15	0	2	295	284	17	173	278	273.757225433526	167	3	0	4	0	78	77
ENSMUSP00000109976-mafft-cds.fa	187	146	143.0909090909091	181	2	3	2	0	55	53	0	184	146	143.7663043478261	178	2	0	9	0	3	1
ENSMUSP00000110006-mafft-cds.fa	188	365	327.1223404255319	188	0	27	6	0	329	328	0	161	365	338.7329192546584	161	0	0	6	0	286	285
ENSMUSP00000110057-mafft-cds.fa	188	421	402.54787234042556	186	1	10	0	0	345	345	0	178	421	408.70786516853934	176	1	0	17	0	228	228
ENSMUSP00000110158-mafft-cds.fa	188	149	109.51595744680851	140	18	187	5	0	95	59	NA	1	NA	NA	NA	NA	NA	NA	NA	NA	NA
ENSMUSP00000110212-mafft-cds.fa	186	57	56.946236559139784	45	15	0	11	0	0	0	0	186	57	56.946236559139784	45	15	0	11	0	0	0
ENSMUSP00000110413-mafft-cds.fa	187	77	50.3903743315508	129	17	113	8	0	45	45	0	74	77	76.98648648648648	63	3	0	25	0	0	0
ENSMUSP00000110663-mafft-cds.fa	187	92	91.94652406417113	156	10	0	4	0	0	0	0	187	92	91.94652406417113	156	10	0	4	0	0	0
ENSMUSP00000110899-mafft-cds.fa	188	326	269.4308510638298	188	0	73	0	1	325	294	32	115	294	284.74782608695654	115	0	0	18	1	59	58
ENSMUSP00000110955-mafft-cds.fa	180	42	36.67777777777778	74	22	46	0	0	21	21	0	134	42	42.0	58	16	0	7	0	0	0
ENSMUSP00000112508-mafft-cds.fa	188	599	545.1914893617021	188	0	12	0	1	599	578	22	176	577	553.2045454545455	176	0	0	4	1	369	367
ENSMUSP00000114044-mafft-cds.fa	188	347	342.531914893617	175	5	3	4	0	225	225	0	185	347	344.25945945945944	172	5	0	31	0	138	138
ENSMUSP00000113416-mafft-cds.fa	188	94	91.81914893617021	168	9	8	0	0	61	61	0	180	94	93.71111111111111	160	9	0	9	0	19	19
ENSMUSP00000113135-mafft-cds.fa	188	216	213.3244680851064	178	5	4	6	1	140	140	0	184	216	215.2608695652174	174	5	0	11	1	39	39
ENSMUSP00000113974-mafft-cds.fa	188	563	497.88829787234044	186	1	63	20	0	469	450	28	125	535	531.656	123	1	0	63	0	82	81
ENSMUSP00000112980-mafft-cds.fa	180	44	43.85	108	22	1	3	0	1	1	0	179	44	43.92178770949721	107	22	0	5	0	1	1
ENSMUSP00000112713-mafft-cds.fa	188	502	467.3563829787234	188	0	10	1	0	417	398	22	178	480	469.5674157303371	176	1	0	1	0	276	275
ENSMUSP00000112703-mafft-cds.fa	187	242	229.33689839572193	172	6	28	11	1	85	84	0	159	242	239.88679245283018	144	6	0	28	0	51	50
ENSMUSP00000112725-mafft-cds.fa	188	421	393.1170212765957	188	0	11	1	0	335	329	4	177	417	395.3050847457627	177	0	0	1	0	299	295
ENSMUSP00000113785-mafft-cds.fa	188	138	124.56382978723404	176	5	5	0	0	138	128	17	183	121	119.72131147540983	165	7	0	5	0	15	14
ENSMUSP00000113333-mafft-cds.fa	188	628	568.6648936170212	188	0	16	24	0	502	486	18	172	610	578.7325581395348	172	0	0	33	0	382	382
ENSMUSP00000113283-mafft-cds.fa	188	1047	976.4202127659574	188	0	10	0	0	1028	1014	13	178	1034	982.9213483146067	178	0	0	4	0	647	640
ENSMUSP00000137298-mafft-cds.fa	188	372	347.7925531914894	180	4	13	17	2	243	226	19	175	353	349.96	167	4	0	35	1	57	56
ENSMUSP00000113587-mafft-cds.fa	188	121	118.59574468085107	127	15	8	0	0	121	121	0	180	121	121.0	122	14	0	12	0	0	0
ENSMUSP00000113262-mafft-cds.fa	188	87	83.82446808510639	184	2	19	0	1	87	87	0	169	87	86.84615384615384	167	1	0	0	1	4	4
ENSMUSP00000112438-mafft-cds.fa	188	163	141.5904255319149	183	2	65	0	0	163	157	8	123	155	153.73170731707316	120	1	0	5	0	33	33
ENSMUSP00000113148-mafft-cds.fa	186	302	264.51075268817203	186	0	12	0	82	302	273	30	174	272	262.2183908045977	174	0	0	6	75	74	67
ENSMUSP00000113984-mafft-cds.fa	184	88	86.63586956521739	153	12	6	2	0	75	75	0	178	88	87.87640449438203	147	12	0	3	0	7	7
ENSMUSP00000116747-mafft-cds.fa	188	908	862.0904255319149	188	0	1	20	0	518	497	24	187	884	860.0053475935829	187	0	0	20	0	485	485
ENSMUSP00000117616-mafft-cds.fa	188	976	941.0585106382979	188	0	2	16	2	703	684	19	186	957	941.1935483870968	186	0	0	29	2	683	681
ENSMUSP00000116941-mafft-cds.fa	188	929	776.5159574468086	188	0	49	0	0	926	897	33	139	896	805.0503597122303	139	0	0	9	0	620	614
ENSMUSP00000119939-mafft-cds.fa	188	173	149.2340425531915	156	13	31	0	0	173	154	21	157	152	151.98089171974522	134	9	0	25	0	0	0
ENSMUSP00000116706-mafft-cds.fa	182	58	57.94505494505494	98	20	0	1	0	0	0	0	182	58	57.94505494505494	98	20	0	1	0	0	0
ENSMUSP00000115558-mafft-cds.fa	188	53	34.808510638297875	62	19	171	3	0	20	0	0	17	53	53.0	7	1	0	39	0	0	0
ENSMUSP00000119210-mafft-cds.fa	188	148	136.17021276595744	180	4	37	0	0	118	118	0	151	148	144.98675496688742	143	4	0	15	0	47	47
ENSMUSP00000116763-mafft-cds.fa	188	78	52.319148936170215	60	18	103	9	0	47	47	0	85	78	77.85882352941177	45	9	0	29	0	0	0
ENSMUSP00000114649-mafft-cds.fa	188	51	50.744680851063826	114	13	2	1	1	13	13	0	186	51	50.88172043010753	112	13	0	1	1	6	6
ENSMUSP00000114297-mafft-cds.fa	188	794	692.5212765957447	188	0	30	0	1	794	748	48	158	746	701.2721518987341	158	0	0	16	1	530	528
ENSMUSP00000118935-mafft-cds.fa	188	194	188.67021276595744	184	2	14	0	0	194	194	0	174	194	193.55172413793105	172	1	0	4	0	20	20
ENSMUSP00000122134-mafft-cds.fa	139	54	47.50359712230216	109	11	35	1	0	28	27	0	104	54	51.39423076923077	74	11	0	6	0	10	9
ENSMUSP00000121977-mafft-cds.fa	185	64	33.167567567567566	35	14	184	8	0	31	0	NA	1	NA	NA	NA	NA	NA	NA	NA	NA	NA
ENSMUSP00000114964-mafft-cds.fa	188	812	792.3457446808511	186	1	0	38	0	422	422	0	188	812	792.3457446808511	186	1	0	38	0	422	422
ENSMUSP00000123430-mafft-cds.fa	188	597	529.1223404255319	182	3	93	46	0	476	476	0	95	597	589.3578947368421	91	2	0	99	0	155	155
ENSMUSP00000118179-mafft-cds.fa	188	790	750.3297872340426	186	1	1	31	0	444	412	34	187	756	748.8930481283422	185	1	0	41	0	380	380
ENSMUSP00000119804-mafft-cds.fa	188	1036	1005.4840425531914	188	0	0	46	0	625	621	29	188	1007	991.2446808510638	188	0	0	46	0	597	596
ENSMUSP00000120352-mafft-cds.fa	184	490	472.2173913043478	182	1	10	1	0	429	426	0	174	490	481.44827586206895	172	1	0	33	0	100	97
ENSMUSP00000120106-mafft-cds.fa	185	72	69.32432432432432	130	17	3	0	0	44	42	0	182	72	69.92307692307692	127	17	0	2	0	6	4
ENSMUSP00000137617-mafft-cds.fa	185	164	105.4054054054054	153	14	85	0	0	145	141	4	100	160	156.77	92	4	0	24	0	27	25
ENSMUSP00000120767-mafft-cds.fa	188	582	550.3457446808511	188	0	17	9	0	487	482	4	171	578	565.9883040935673	171	0	0	27	0	188	185
ENSMUSP00000120085-mafft-cds.fa	188	1178	1149.723404255319	188	0	2	4	1	848	841	0	186	1178	1152.1612903225807	186	0	0	4	1	726	719
ENSMUSP00000138002-mafft-cds.fa	188	627	550.3723404255319	188	0	77	3	0	450	437	11	111	616	602.3603603603603	111	0	0	39	0	302	298
ENSMUSP00000118322-mafft-cds.fa	188	774	718.936170212766	188	0	10	6	0	596	582	16	178	758	722.5674157303371	178	0	0	11	0	528	525
ENSMUSP00000120577-mafft-cds.fa	188	224	200.29255319148936	180	4	8	0	0	193	172	22	180	202	200.96666666666667	172	4	0	16	0	3	2
ENSMUSP00000115322-mafft-cds.fa	188	164	140.12765957446808	172	8	28	0	7	164	151	24	160	140	135.71875	143	8	0	8	6	39	37
ENSMUSP00000114990-mafft-cds.fa	187	119	95.2566844919786	165	11	68	0	0	119	119	0	119	119	118.78151260504201	113	3	0	4	0	2	2
ENSMUSP00000123476-mafft-cds.fa	188	251	205.86170212765958	188	0	56	0	14	251	244	9	132	242	220.56060606060606	132	0	0	4	12	109	107
ENSMUSP00000116627-mafft-cds.fa	188	141	140.16489361702128	175	5	1	2	0	4	4	0	187	141	140.4331550802139	174	5	0	3	0	1	1
ENSMUSP00000137853-mafft-cds.fa	187	48	47.92513368983957	106	21	0	2	1	1	1	0	187	48	47.92513368983957	106	21	0	2	1	1	1
ENSMUSP00000117600-mafft-cds.fa	187	106	96.97326203208556	180	3	44	0	0	106	106	0	143	106	105.9090909090909	138	2	0	14	0	0	0
ENSMUSP00000138061-mafft-cds.fa	188	133	131.2872340425532	174	6	8	0	0	50	50	0	180	133	132.70555555555555	166	6	0	8	0	21	21
ENSMUSP00000121212-mafft-cds.fa	181	64	63.447513812154696	150	10	4	1	2	42	42	0	177	64	63.92090395480226	146	10	0	3	1	3	3
ENSMUSP00000114175-mafft-cds.fa	188	275	249.74468085106383	182	3	27	0	0	249	249	0	161	275	256.9875776397516	155	3	0	20	0	96	96
ENSMUSP00000121966-mafft-cds.fa	186	59	57.204301075268816	117	14	11	1	0	31	31	0	175	59	59.0	108	13	0	5	0	0	0
ENSMUSP00000136163-mafft-cds.fa	188	614	591.7074468085107	184	2	3	4	0	405	394	14	185	600	588.5405405405405	181	2	0	14	0	308	304
ENSMUSP00000121317-mafft-cds.fa	188	563	513.6968085106383	188	0	17	16	0	425	418	19	171	544	516.2397660818714	171	0	0	50	0	191	190
ENSMUSP00000119488-mafft-cds.fa	188	119	117.7872340425532	151	14	4	0	0	98	98	0	184	119	118.93478260869566	147	14	0	25	0	1	1
ENSMUSP00000119729-mafft-cds.fa	188	172	162.93617021276594	181	3	24	0	0	141	141	0	164	172	169.5548780487805	157	3	0	5	0	32	32
ENSMUSP00000117572-mafft-cds.fa	188	173	171.12765957446808	159	11	3	19	0	106	106	0	185	173	172.83783783783784	156	11	0	46	0	0	0
ENSMUSP00000122881-mafft-cds.fa	183	526	449.37158469945354	181	1	46	0	0	454	442	11	137	515	507.4963503649635	137	0	0	40	0	79	74
ENSMUSP00000123860-mafft-cds.fa	188	112	109.57978723404256	141	15	6	5	0	82	81	0	182	112	110.81318681318682	135	15	0	12	0	7	6
ENSMUSP00000125149-mafft-cds.fa	183	45	44.98360655737705	91	21	0	7	0	1	1	0	183	45	44.98360655737705	91	21	0	7	0	1	1
ENSMUSP00000124211-mafft-cds.fa	187	83	82.55614973262033	135	17	2	1	0	7	7	0	185	83	82.95135135135135	133	17	0	12	0	2	2
ENSMUSP00000124213-mafft-cds.fa	188	321	292.73936170212767	184	2	27	2	1	267	267	0	161	321	302.57142857142856	157	2	0	9	1	225	225
ENSMUSP00000124022-mafft-cds.fa	188	794	765.6436170212766	188	0	11	3	2	679	677	0	177	794	777.5649717514125	177	0	0	5	1	555	553
ENSMUSP00000125623-mafft-cds.fa	182	193	189.6868131868132	170	6	6	1	0	120	120	0	176	193	191.57954545454547	164	6	0	14	0	33	33
ENSMUSP00000137669-mafft-cds.fa	188	247	236.36170212765958	188	0	8	1	0	176	170	7	180	240	236.55	180	0	0	4	0	62	61
ENSMUSP00000134769-mafft-cds.fa	188	470	464.84574468085106	186	1	6	20	0	264	264	0	182	470	468.92857142857144	180	1	0	37	0	19	19
ENSMUSP00000125086-mafft-cds.fa	186	94	92.24193548387096	134	19	6	2	0	50	50	0	180	94	93.68333333333334	128	19	0	9	0	11	11
ENSMUSP00000123787-mafft-cds.fa	181	157	153.73480662983425	179	1	7	0	1	104	104	0	174	157	155.6206896551724	172	1	0	1	1	49	49
ENSMUSP00000125278-mafft-cds.fa	188	850	793.5691489361702	188	0	9	0	0	800	800	0	179	850	804.0893854748604	179	0	0	0	0	752	752
ENSMUSP00000124680-mafft-cds.fa	188	195	178.53191489361703	182	3	21	2	0	149	148	0	167	195	184.18562874251498	161	3	0	7	0	66	65
ENSMUSP00000125344-mafft-cds.fa	188	361	302.1595744680851	186	1	22	11	0	215	162	55	166	306	301.56024096385545	164	1	0	25	0	26	23
ENSMUSP00000125105-mafft-cds.fa	188	117	116.02127659574468	153	12	3	4	0	61	61	0	185	117	116.8108108108108	150	12	0	8	0	12	12
ENSMUSP00000124056-mafft-cds.fa	188	968	881.6329787234042	186	1	0	41	1	515	434	89	188	879	866.5797872340426	186	1	0	40	0	427	427
ENSMUSP00000128576-mafft-cds.fa	188	139	128.95212765957447	163	9	12	0	8	110	106	4	176	135	129.2556818181818	151	9	0	8	6	25	23
ENSMUSP00000124872-mafft-cds.fa	185	89	61.08108108108108	114	14	184	5	0	29	1	NA	1	NA	NA	NA	NA	NA	NA	NA	NA	NA
ENSMUSP00000124462-mafft-cds.fa	188	429	418.71276595744683	186	1	6	2	0	278	277	0	182	429	421.8626373626374	180	1	0	12	0	158	157
ENSMUSP00000125638-mafft-cds.fa	187	99	90.2566844919786	137	18	45	0	0	99	99	0	142	99	98.85915492957747	106	14	0	19	0	9	9
ENSMUSP00000125491-mafft-cds.fa	183	86	83.18579234972678	131	17	4	0	0	60	58	4	179	82	81.89944134078212	127	16	0	2	0	1	1
ENSMUSP00000125268-mafft-cds.fa	188	114	99.17553191489361	166	8	35	0	1	114	105	12	153	102	100.95424836601308	130	8	0	5	1	4	3
ENSMUSP00000124151-mafft-cds.fa	188	184	157.85106382978722	149	14	14	10	1	120	97	27	174	157	156.9655172413793	133	14	0	36	1	1	1
ENSMUSP00000124756-mafft-cds.fa	188	134	131.92021276595744	147	15	10	0	0	96	96	0	178	134	133.96067415730337	139	14	0	28	0	1	1
ENSMUSP00000123924-mafft-cds.fa	188	128	127.63829787234043	163	12	2	10	0	20	20	0	186	128	127.99462365591398	161	12	0	13	0	0	0
ENSMUSP00000123803-mafft-cds.fa	188	99	95.93617021276596	155	11	10	0	0	99	99	0	178	99	98.42696629213484	147	10	0	12	0	16	16
ENSMUSP00000124053-mafft-cds.fa	188	131	121.48404255319149	174	5	9	0	151	131	125	8	179	123	120.43575418994413	165	5	0	2	150	16	14
ENSMUSP00000130738-mafft-cds.fa	188	395	389.5	160	12	1	21	5	232	231	0	187	395	390.1764705882353	159	12	0	39	5	218	217
ENSMUSP00000128056-mafft-cds.fa	188	87	85.12765957446808	103	18	8	0	0	87	87	0	180	87	87.0	97	17	0	12	0	0	0
ENSMUSP00000132099-mafft-cds.fa	188	44	43.95744680851064	88	21	0	3	0	0	0	0	188	44	43.95744680851064	88	21	0	3	0	0	0
ENSMUSP00000129680-mafft-cds.fa	188	654	638.1170212765958	188	0	3	6	0	559	559	0	185	654	640.4324324324324	185	0	0	6	0	471	471
ENSMUSP00000130078-mafft-cds.fa	188	255	232.28191489361703	179	4	24	0	2	180	178	0	164	255	238.109756097561	155	4	0	25	2	97	95
ENSMUSP00000126383-mafft-cds.fa	188	326	290.718085106383	186	1	33	22	0	239	233	6	155	320	300.0709677419355	153	1	0	27	0	169	167
ENSMUSP00000132673-mafft-cds.fa	188	384	361.13829787234044	184	2	8	16	0	171	153	20	180	364	362.6666666666667	174	3	0	32	0	53	53
ENSMUSP00000131406-mafft-cds.fa	188	218	206.90425531914894	184	2	14	18	0	140	135	7	174	211	208.83333333333334	170	2	0	21	0	58	58
ENSMUSP00000128314-mafft-cds.fa	188	466	345.50531914893617	188	0	133	0	0	466	406	0	55	466	393.58181818181816	55	0	0	69	0	178	118
ENSMUSP00000127580-mafft-cds.fa	188	284	220.46808510638297	185	1	107	7	1	261	230	0	81	284	250.90123456790124	81	0	0	53	0	54	23
ENSMUSP00000132688-mafft-cds.fa	184	66	65.5	104	22	3	0	0	26	26	0	181	66	66.0	101	22	0	8	0	0	0
ENSMUSP00000127598-mafft-cds.fa	188	174	167.88829787234042	179	4	16	0	0	174	174	0	172	174	173.32558139534885	163	4	0	10	0	32	32
ENSMUSP00000129828-mafft-cds.fa	188	141	139.8244680851064	163	10	4	9	0	49	49	0	184	141	140.8641304347826	159	10	0	14	0	0	0
ENSMUSP00000127903-mafft-cds.fa	188	755	744.2765957446809	184	2	0	19	5	455	453	4	188	751	742.2765957446809	184	2	0	19	5	453	453
ENSMUSP00000129166-mafft-cds.fa	187	136	133.03208556149733	163	10	9	7	0	80	80	0	178	136	135.74719101123594	154	10	0	9	0	16	16
ENSMUSP00000129738-mafft-cds.fa	187	62	58.98395721925134	94	20	0	7	0	4	1	4	187	58	56.973262032085564	91	20	0	7	0	2	1
ENSMUSP00000134253-mafft-cds.fa	184	85	66.77173913043478	137	15	172	3	0	33	14	0	12	85	84.83333333333333	5	2	0	69	0	1	1
ENSMUSP00000135703-mafft-cds.fa	188	677	511.8989361702128	185	1	94	0	0	677	676	0	94	677	659.7659574468086	94	0	0	178	0	205	204
ENSMUSP00000137523-mafft-cds.fa	188	519	458.8031914893617	188	0	23	1	0	439	419	20	165	499	469.169696969697	165	0	0	4	0	348	346
ENSMUSP00000136190-mafft-cds.fa	188	353	336.4840425531915	184	2	9	8	0	207	203	5	179	348	339.12849162011173	175	2	0	13	0	98	97
ENSMUSP00000136354-mafft-cds.fa	188	116	108.3563829787234	186	1	17	0	17	116	113	0	171	116	112.23391812865498	169	1	0	0	17	27	24
ENSMUSP00000136378-mafft-cds.fa	188	298	270.48936170212767	183	2	63	0	2	232	231	0	125	298	291.072	120	2	0	15	1	189	188
ENSMUSP00000137503-mafft-cds.fa	188	327	282.82978723404256	188	0	6	7	6	159	117	44	182	283	279.05494505494505	182	0	0	16	6	36	33
ENSMUSP00000136621-mafft-cds.fa	188	379	367.72872340425533	188	0	9	10	3	200	199	0	179	379	372.0111731843575	179	0	0	21	3	139	138
ENSMUSP00000137616-mafft-cds.fa	188	302	269.21276595744683	188	0	34	3	0	274	273	0	154	302	282.90909090909093	154	0	0	10	0	207	206
ENSMUSP00000142130-mafft-cds.fa	188	512	495.00531914893617	188	0	9	8	0	420	419	0	179	512	501.4413407821229	179	0	0	16	0	251	250
ENSMUSP00000138680-mafft-cds.fa	186	59	41.05913978494624	109	19	185	1	0	20	2	NA	1	NA	NA	NA	NA	NA	NA	NA	NA	NA
ENSMUSP00000138308-mafft-cds.fa	188	1836	1697.1436170212767	188	0	10	14	0	1539	1513	27	178	1809	1712.0505617977528	178	0	0	46	0	1370	1365
ENSMUSP00000138962-mafft-cds.fa	188	213	202.56914893617022	158	11	5	16	0	85	85	0	183	213	203.88524590163934	153	11	0	32	0	85	85
ENSMUSP00000139740-mafft-cds.fa	188	581	541.2393617021277	186	1	18	0	0	581	578	4	170	577	557.2882352941176	168	1	0	15	0	256	255
ENSMUSP00000140514-mafft-cds.fa	188	285	276.8989361702128	188	0	7	1	0	247	243	6	181	279	277.646408839779	181	0	0	14	0	93	93
ENSMUSP00000139817-mafft-cds.fa	178	40	38.550561797752806	134	12	0	1	0	8	7	0	178	40	38.550561797752806	134	12	0	1	0	8	7
ENSMUSP00000140864-mafft-cds.fa	188	353	349.3510638297872	186	1	3	5	0	177	177	0	185	353	350.8918918918919	183	1	0	11	0	92	92
ENSMUSP00000140903-mafft-cds.fa	188	99	84.4627659574468	120	18	69	8	0	74	74	0	119	99	98.12605042016807	78	10	0	33	0	17	17
ENSMUSP00000140585-mafft-cds.fa	180	34	34.0	64	25	0	3	0	0	0	0	180	34	34.0	64	25	0	3	0	0	0
ENSMUSP00000139825-mafft-cds.fa	188	642	612.6808510638298	186	1	4	17	0	359	342	21	184	621	611.5652173913044	180	2	0	32	0	248	248
ENSMUSP00000140224-mafft-cds.fa	188	1150	1129.0159574468084	188	0	0	40	2	727	722	0	188	1150	1129.0159574468084	188	0	0	40	2	727	722
ENSMUSP00000140597-mafft-cds.fa	188	474	466.4468085106383	182	3	6	0	0	400	400	0	182	474	470.18131868131866	176	3	0	37	0	206	206
ENSMUSP00000139638-mafft-cds.fa	188	171	130.29255319148936	165	10	187	0	0	171	133	NA	1	NA	NA	NA	NA	NA	NA	NA	NA	NA
ENSMUSP00000140843-mafft-cds.fa	186	169	162.5752688172043	180	3	8	0	0	148	145	5	178	164	163.57865168539325	172	3	0	9	0	7	7
ENSMUSP00000140812-mafft-cds.fa	180	22	22.0	3	5	0	17	0	0	0	0	180	22	22.0	3	5	0	17	0	0	0
ENSMUSP00000139610-mafft-cds.fa	188	874	761.5744680851063	186	1	54	31	2	694	675	20	134	854	815.2611940298508	132	1	0	44	1	385	377
ENSMUSP00000141191-mafft-cds.fa	186	291	267.5430107526882	184	1	9	1	1	136	117	18	177	273	270.5310734463277	175	1	0	13	0	21	19
ENSMUSP00000139823-mafft-cds.fa	184	63	62.766304347826086	124	19	1	4	0	7	7	0	183	63	62.84153005464481	123	19	0	6	0	7	7
ENSMUSP00000140896-mafft-cds.fa	188	182	177.03191489361703	162	9	8	0	0	171	170	0	180	182	179.69444444444446	154	9	0	1	0	55	54
ENSMUSP00000140937-mafft-cds.fa	188	1383	1227.718085106383	188	0	20	0	0	1260	1235	26	168	1357	1248.6607142857142	168	0	0	19	0	1053	1050
ENSMUSP00000140950-mafft-cds.fa	186	37	25.06451612903226	45	14	185	3	0	12	0	NA	1	NA	NA	NA	NA	NA	NA	NA	NA	NA
ENSMUSP00000140801-mafft-cds.fa	188	177	138.03191489361703	168	10	102	7	0	136	136	0	86	177	176.7906976744186	76	5	0	59	0	0	0
ENSMUSP00000140913-mafft-cds.fa	185	355	341.6	181	2	10	0	0	279	278	0	175	355	348.64	171	2	0	24	0	80	79
ENSMUSP00000140213-mafft-cds.fa	188	396	379.1914893617021	184	2	3	0	0	242	241	0	185	396	380.9891891891892	181	2	0	23	0	200	199
ENSMUSP00000139955-mafft-cds.fa	188	729	671.1542553191489	188	0	8	6	0	541	519	24	180	705	673.2222222222222	180	0	0	46	0	294	291
ENSMUSP00000141133-mafft-cds.fa	85	37	36.870588235294115	56	9	1	2	0	0	0	0	84	37	37.0	55	9	0	4	0	0	0
ENSMUSP00000140941-mafft-cds.fa	187	106	98.9090909090909	157	13	36	0	0	105	105	0	151	106	105.6158940397351	121	13	0	14	0	19	19
ENSMUSP00000140443-mafft-cds.fa	188	120	119.65957446808511	88	27	2	38	0	32	32	0	186	120	120.0	86	27	0	46	0	0	0
ENSMUSP00000140744-mafft-cds.fa	188	69	67.70744680851064	125	13	7	0	0	69	69	0	181	69	68.96132596685082	118	13	0	5	0	1	1
ENSMUSP00000140091-mafft-cds.fa	188	435	330.99468085106383	186	1	75	10	0	327	321	0	113	435	422.353982300885	111	1	0	68	0	141	135
ENSMUSP00000139453-mafft-cds.fa	188	61	59.170212765957444	149	13	5	0	2	38	37	0	183	61	59.76502732240437	144	13	0	1	2	12	11
ENSMUSP00000140392-mafft-cds.fa	153	155	113.01307189542484	127	7	49	0	0	134	134	0	104	155	154.80769230769232	100	2	0	20	0	4	4
ENSMUSP00000140593-mafft-cds.fa	188	623	562.9893617021277	188	0	15	19	0	411	389	22	173	601	570.9075144508671	173	0	0	22	0	354	352
ENSMUSP00000139640-mafft-cds.fa	188	726	676.7978723404256	188	0	7	2	0	527	508	21	181	705	680.171270718232	181	0	0	10	0	407	407
ENSMUSP00000140670-mafft-cds.fa	188	229	222.3244680851064	180	3	9	0	0	177	175	0	179	229	225.87150837988827	171	3	0	26	0	36	34
ENSMUSP00000140059-mafft-cds.fa	187	45	43.155080213903744	53	14	13	0	0	45	45	0	174	45	44.701149425287355	47	11	0	10	0	1	1
ENSMUSP00000140721-mafft-cds.fa	181	113	93.91160220994475	167	6	2	3	0	25	6	19	179	94	92.99441340782123	163	7	0	5	0	1	0
ENSMUSP00000139641-mafft-cds.fa	188	604	582.186170212766	186	1	2	9	0	358	356	0	186	604	584.1989247311828	184	1	0	27	0	348	346
ENSMUSP00000140050-mafft-cds.fa	185	125	119.63783783783784	165	8	15	1	0	70	68	0	170	125	122.71764705882353	154	7	0	1	0	16	14
ENSMUSP00000141103-mafft-cds.fa	188	212	184.39361702127658	186	1	26	3	0	150	144	5	162	207	188.2283950617284	160	1	0	4	0	144	141
ENSMUSP00000140106-mafft-cds.fa	188	189	166.35106382978722	154	11	16	2	1	147	127	20	172	169	167.84302325581396	138	11	0	31	1	6	5
ENSMUSP00000140818-mafft-cds.fa	187	34	33.99465240641711	60	13	0	3	0	0	0	0	187	34	33.99465240641711	60	13	0	3	0	0	0
ENSMUSP00000140761-mafft-cds.fa	186	386	360.8763440860215	182	2	23	2	0	289	283	8	163	378	369.63803680981596	159	2	0	11	0	73	70
ENSMUSP00000139410-mafft-cds.fa	188	172	166.68085106382978	171	8	10	0	0	127	127	0	178	172	170.26966292134833	161	8	0	6	0	23	23
ENSMUSP00000140322-mafft-cds.fa	188	870	798.25	188	0	6	0	0	806	786	35	182	835	790.7032967032967	182	0	0	5	0	554	545
ENSMUSP00000139519-mafft-cds.fa	188	346	340.2925531914894	180	4	3	10	0	232	232	0	185	346	341.65405405405403	177	4	0	25	0	168	168
ENSMUSP00000140250-mafft-cds.fa	188	235	211.38297872340425	144	13	17	1	0	234	217	18	171	217	215.0701754385965	129	12	0	33	0	52	52
ENSMUSP00000140783-mafft-cds.fa	188	145	142.61170212765958	164	8	8	0	0	64	64	0	180	145	144.95	158	7	0	15	0	0	0
ENSMUSP00000139645-mafft-cds.fa	188	138	91.4627659574468	144	14	187	0	0	138	104	NA	1	NA	NA	NA	NA	NA	NA	NA	NA	NA
ENSMUSP00000142284-mafft-cds.fa	188	583	561.7553191489362	184	2	12	0	0	583	581	4	176	579	573.375	172	2	0	13	0	264	264
ENSMUSP00000141731-mafft-cds.fa	188	360	350.9414893617021	182	3	4	3	0	212	208	4	184	356	350.5652173913044	178	3	0	6	0	104	102
ENSMUSP00000141553-mafft-cds.fa	188	636	552.4627659574468	188	0	39	8	0	577	549	31	149	605	570.9463087248322	149	0	0	76	0	330	329
ENSMUSP00000141665-mafft-cds.fa	188	783	714.5	188	0	17	7	0	727	707	19	171	764	728.7017543859649	171	0	0	19	0	525	523
ENSMUSP00000142054-mafft-cds.fa	188	308	231.80851063829786	178	4	130	11	0	195	153	0	58	308	258.2758620689655	55	1	0	99	0	54	2
ENSMUSP00000141495-mafft-cds.fa	188	256	234.95212765957447	186	1	5	0	14	186	182	4	183	252	235.39890710382514	181	1	0	1	14	92	90
ENSMUSP00000141891-mafft-cds.fa	188	323	314.96276595744683	188	0	1	12	0	146	146	0	187	323	315.27272727272725	187	0	0	12	0	146	146
ENSMUSP00000141771-mafft-cds.fa	184	69	69.0	154	11	0	1	0	0	0	0	184	69	69.0	154	11	0	1	0	0	0
ENSMUSP00000141530-mafft-cds.fa	188	203	200.06382978723406	146	14	5	0	0	122	122	0	183	203	202.36612021857923	141	14	0	21	0	33	33
ENSMUSP00000141740-mafft-cds.fa	188	72	68.23936170212765	126	20	33	0	0	46	46	0	155	72	71.91612903225807	103	17	0	8	0	1	1
ENSMUSP00000142307-mafft-cds.fa	188	801	771.0212765957447	188	0	0	34	0	437	417	24	188	777	766.8936170212766	188	0	0	33	0	415	415
ENSMUSP00000142301-mafft-cds.fa	183	76	73.04918032786885	148	14	2	2	1	19	18	0	181	76	73.22651933701657	146	14	0	2	1	12	11
ENSMUSP00000141443-mafft-cds.fa	188	424	406.7925531914894	184	2	5	0	0	374	372	0	183	424	409.2841530054645	179	2	0	0	0	362	360
ENSMUSP00000141608-mafft-cds.fa	188	254	241.69148936170214	180	3	11	0	2	196	196	0	177	254	244.8361581920904	169	3	0	9	2	55	55
ENSMUSP00000142124-mafft-cds.fa	188	45	44.93617021276596	41	8	0	4	0	3	3	0	188	45	44.93617021276596	41	8	0	4	0	3	3
ENSMUSP00000142149-mafft-cds.fa	188	243	236.68617021276594	180	3	8	0	0	200	200	0	180	243	239.25	172	3	0	23	0	34	34
ENSMUSP00000142175-mafft-cds.fa	188	465	445.4574468085106	185	1	17	0	1	450	450	0	171	465	463.3333333333333	168	1	0	19	1	57	57
ENSMUSP00000141218-mafft-cds.fa	186	32	31.99462365591398	49	9	0	4	0	0	0	0	186	32	31.99462365591398	49	9	0	4	0	0	0
ENSMUSP00000148015-mafft-cds.fa	187	74	63.3048128342246	104	25	66	0	0	74	74	0	121	74	73.97520661157024	75	14	0	13	0	0	0
ENSMUSP00000148801-mafft-cds.fa	188	765	721.218085106383	188	0	3	5	3	433	403	28	185	737	721.6918918918919	185	0	0	23	3	251	248
ENSMUSP00000148643-mafft-cds.fa	188	108	107.97340425531915	148	16	0	7	0	0	0	0	188	108	107.97340425531915	148	16	0	7	0	0	0
ENSMUSP00000148469-mafft-cds.fa	188	1098	1019.5531914893617	188	0	5	37	1	804	770	40	183	1058	1018.0273224043716	181	1	0	41	1	566	566
ENSMUSP00000148638-mafft-cds.fa	188	540	497.78723404255317	186	1	11	0	0	540	529	9	177	531	504.7570621468927	175	1	0	7	0	233	227
ENSMUSP00000151129-mafft-cds.fa	188	241	236.58510638297872	180	4	6	8	0	136	135	0	182	241	239.05494505494505	174	4	0	24	0	28	27
ENSMUSP00000157371-mafft-cds.fa	186	75	72.86021505376344	115	14	8	0	0	75	75	0	178	75	74.84269662921348	111	13	0	8	0	3	3
ENSMUSP00000159147-mafft-cds.fa	188	354	322.72340425531917	186	1	8	0	0	269	252	18	180	336	325.85555555555555	176	2	0	25	0	132	131
ENSMUSP00000159120-mafft-cds.fa	188	454	440.781914893617	185	1	8	0	1	454	453	0	180	454	448.1388888888889	177	1	0	10	1	196	195
ENSMUSP00000000299-mafft-cds.fa	188	296	275.02127659574467	186	1	15	0	0	236	234	0	173	296	280.5028901734104	171	1	0	10	0	100	98
ENSMUSP00000000384-mafft-cds.fa	188	223	214.96808510638297	173	6	14	0	1	223	222	0	174	223	221.1494252873563	159	6	0	41	1	31	30
ENSMUSP00000000445-mafft-cds.fa	187	167	127.6524064171123	174	6	64	1	0	120	120	0	123	167	166.4471544715447	112	5	0	14	0	12	12
ENSMUSP00000000727-mafft-cds.fa	188	178	173.61702127659575	176	5	2	7	0	100	98	4	186	174	172.3978494623656	174	5	0	7	0	48	48
ENSMUSP00000001147-mafft-cds.fa	188	441	413.0691489361702	188	0	7	0	0	441	422	20	181	421	415.70165745856355	181	0	0	7	0	179	177
ENSMUSP00000001181-mafft-cds.fa	188	752	670.6968085106383	188	0	14	3	0	587	525	64	174	688	673.6954022988506	174	0	0	27	0	323	318
ENSMUSP00000001183-mafft-cds.fa	187	90	89.27272727272727	161	9	3	2	0	44	44	0	184	90	89.97826086956522	158	9	0	2	0	0	0
ENSMUSP00000001712-mafft-cds.fa	188	598	557.6436170212766	188	0	8	9	0	511	500	10	180	588	559.7333333333333	180	0	0	12	0	334	329
ENSMUSP00000001713-mafft-cds.fa	131	37	36.99236641221374	71	14	0	3	0	0	0	0	131	37	36.99236641221374	71	14	0	3	0	0	0
ENSMUSP00000001834-mafft-cds.fa	188	173	169.54787234042553	177	3	10	0	1	115	115	0	178	173	172.9438202247191	167	3	0	19	1	1	1
ENSMUSP00000001836-mafft-cds.fa	187	96	94.0	162	9	8	0	2	96	96	0	179	96	95.76536312849161	154	9	0	1	2	7	7
ENSMUSP00000002518-mafft-cds.fa	111	50	31.46846846846847	59	13	110	2	0	31	13	NA	1	NA	NA	NA	NA	NA	NA	NA	NA	NA
ENSMUSP00000003154-mafft-cds.fa	188	143	134.5531914893617	176	6	34	0	0	140	140	0	154	143	142.83116883116884	142	6	0	16	0	10	10
ENSMUSP00000003310-mafft-cds.fa	188	1022	1007.0904255319149	186	1	1	37	0	420	420	0	187	1022	1008.2941176470588	185	1	0	40	0	357	357
ENSMUSP00000003312-mafft-cds.fa	187	65	64.35828877005348	129	14	5	0	0	21	21	0	182	65	64.99450549450549	124	14	0	7	0	0	0
ENSMUSP00000003436-mafft-cds.fa	188	197	189.9255319148936	168	7	10	0	0	126	125	0	178	197	193.47191011235955	158	7	0	8	0	67	66
ENSMUSP00000003438-mafft-cds.fa	188	208	182.31382978723406	181	2	60	0	0	182	181	0	128	208	202.2421875	124	1	0	6	0	79	78
ENSMUSP00000003843-mafft-cds.fa	188	207	177.65425531914894	184	2	57	0	0	170	170	0	131	207	193.68702290076337	129	1	0	8	0	145	145
ENSMUSP00000004470-mafft-cds.fa	188	704	669.2553191489362	188	0	3	8	0	491	473	19	185	685	669.0594594594595	185	0	0	14	0	362	361
ENSMUSP00000004786-mafft-cds.fa	186	65	64.81720430107526	143	13	1	0	0	9	9	0	185	65	64.93513513513514	142	13	0	0	0	1	1
ENSMUSP00000005064-mafft-cds.fa	188	320	309.0159574468085	181	3	8	1	0	264	264	0	180	320	314.4222222222222	173	3	0	16	0	132	132
ENSMUSP00000005067-mafft-cds.fa	182	46	40.28021978021978	123	20	49	0	0	23	23	0	133	46	45.954887218045116	95	12	0	6	0	1	1
ENSMUSP00000005490-mafft-cds.fa	188	297	277.21276595744683	186	1	12	3	0	232	232	0	176	297	281.21022727272725	174	1	0	3	0	190	190
ENSMUSP00000005825-mafft-cds.fa	188	627	583.4255319148937	186	1	4	0	0	414	413	0	184	627	586.4184782608696	182	1	0	14	0	363	362
ENSMUSP00000006911-mafft-cds.fa	184	173	169.32065217391303	168	5	2	1	1	102	102	0	182	173	170.08241758241758	166	5	0	2	1	58	58
ENSMUSP00000006914-mafft-cds.fa	184	35	34.994565217391305	57	18	0	3	0	0	0	0	184	35	34.994565217391305	57	18	0	3	0	0	0
ENSMUSP00000006915-mafft-cds.fa	187	134	128.9625668449198	162	11	11	0	0	134	133	0	176	134	132.1193181818182	153	10	0	10	0	24	23
ENSMUSP00000006949-mafft-cds.fa	188	198	174.57978723404256	182	3	38	0	0	198	198	0	150	198	185.92	146	2	0	8	0	87	87
ENSMUSP00000009789-mafft-cds.fa	188	78	76.20212765957447	146	16	8	0	0	78	78	0	180	78	77.98333333333333	138	16	0	7	0	0	0
ENSMUSP00000009790-mafft-cds.fa	177	39	38.847457627118644	82	18	2	1	0	9	9	0	175	39	38.96	80	18	0	2	0	1	1
ENSMUSP00000009798-mafft-cds.fa	182	125	122.48351648351648	173	4	5	4	0	74	73	0	177	125	123.51412429378531	168	4	0	7	0	22	21
ENSMUSP00000013970-mafft-cds.fa	188	220	198.20744680851064	182	3	31	0	0	220	220	0	157	220	206.87261146496814	151	3	0	14	0	83	83
ENSMUSP00000014642-mafft-cds.fa	188	488	480.1489361702128	180	4	1	53	0	227	226	0	187	488	480.63101604278074	179	4	0	53	0	212	211
ENSMUSP00000015449-mafft-cds.fa	188	618	538.3829787234042	186	1	37	8	1	427	378	55	151	563	550.7152317880794	149	1	0	30	1	206	203
ENSMUSP00000015456-mafft-cds.fa	182	74	67.76373626373626	132	16	37	0	0	62	62	0	145	74	72.9448275862069	102	13	0	0	0	13	13
ENSMUSP00000015901-mafft-cds.fa	188	138	135.41489361702128	150	15	7	0	0	117	117	0	181	138	137.11049723756906	143	15	0	7	0	44	44
ENSMUSP00000016033-mafft-cds.fa	188	109	100.6436170212766	144	16	30	0	0	109	108	0	158	109	107.84177215189874	123	13	0	15	0	1	0
ENSMUSP00000016034-mafft-cds.fa	186	35	35.0	117	20	0	0	0	0	0	0	186	35	35.0	117	20	0	0	0	0	0
ENSMUSP00000019611-mafft-cds.fa	188	235	206.0372340425532	179	3	25	0	0	201	177	25	163	210	208.079754601227	152	4	0	12	0	38	37
ENSMUSP00000019708-mafft-cds.fa	186	84	68.31182795698925	154	12	103	0	1	84	84	0	83	84	84.0	72	4	0	13	1	0	0
ENSMUSP00000019907-mafft-cds.fa	188	229	215.78191489361703	184	1	10	0	1	123	115	0	178	229	218.63483146067415	174	1	0	0	1	63	55
ENSMUSP00000019909-mafft-cds.fa	188	93	74.29255319148936	145	13	28	1	0	44	29	15	160	78	76.95625	122	11	0	3	0	3	2
ENSMUSP00000019911-mafft-cds.fa	188	411	379.4148936170213	188	0	2	2	7	244	216	29	186	382	377.3763440860215	186	0	0	3	7	112	110
ENSMUSP00000019913-mafft-cds.fa	188	210	200.53191489361703	184	2	17	3	0	126	126	0	171	210	205.77777777777777	167	2	0	15	0	62	62
ENSMUSP00000019917-mafft-cds.fa	188	83	80.83510638297872	134	13	4	2	3	55	54	0	184	83	81.7445652173913	130	13	0	5	3	12	11
ENSMUSP00000019920-mafft-cds.fa	188	326	301.4095744680851	184	2	30	5	0	262	261	0	158	326	315.0886075949367	154	2	0	37	0	124	123
ENSMUSP00000019924-mafft-cds.fa	188	81	76.95212765957447	123	16	25	0	0	81	81	0	163	81	80.9877300613497	105	14	0	14	0	0	0
ENSMUSP00000019927-mafft-cds.fa	188	238	223.8404255319149	168	7	13	0	7	211	203	10	175	228	226.69714285714286	155	7	0	12	7	52	52
ENSMUSP00000019929-mafft-cds.fa	188	197	195.0212765957447	165	11	4	4	0	112	112	0	184	197	196.3641304347826	161	11	0	12	0	36	36
ENSMUSP00000019937-mafft-cds.fa	188	360	351.15425531914894	180	4	7	0	0	316	315	0	181	360	355.4033149171271	173	4	0	22	0	182	181
ENSMUSP00000019938-mafft-cds.fa	188	89	78.80319148936171	92	22	10	0	0	89	81	8	178	81	79.97752808988764	86	18	0	19	0	1	0
ENSMUSP00000019950-mafft-cds.fa	185	67	66.15135135135135	140	17	5	0	1	42	42	0	180	67	66.92777777777778	135	17	0	0	1	4	4
ENSMUSP00000019965-mafft-cds.fa	186	61	60.05913978494624	129	16	4	1	0	31	31	0	182	61	60.71978021978022	125	16	0	3	0	1	1
ENSMUSP00000019974-mafft-cds.fa	188	93	91.31382978723404	171	6	5	1	0	37	36	0	183	93	91.91256830601093	166	6	0	6	0	2	1
ENSMUSP00000019975-mafft-cds.fa	181	90	73.59668508287292	146	13	79	0	0	90	90	0	102	90	89.37254901960785	83	6	0	12	0	28	28
ENSMUSP00000019991-mafft-cds.fa	188	166	164.04255319148936	182	3	7	3	0	104	104	0	181	166	165.87845303867402	175	3	0	8	0	0	0
ENSMUSP00000019992-mafft-cds.fa	188	233	228.43085106382978	186	1	10	0	0	233	233	0	178	233	232.36516853932585	176	1	0	17	0	44	44
ENSMUSP00000019997-mafft-cds.fa	188	396	377.1968085106383	186	1	18	0	0	331	326	4	170	392	387.11176470588236	168	1	0	25	0	36	33
ENSMUSP00000020003-mafft-cds.fa	188	429	418.72340425531917	186	1	13	31	0	295	295	0	175	429	425.66857142857145	173	1	0	37	0	141	141
ENSMUSP00000020012-mafft-cds.fa	188	155	149.15425531914894	184	2	13	0	1	155	153	0	175	155	152.62285714285716	171	2	0	7	1	29	27
ENSMUSP00000020024-mafft-cds.fa	182	57	55.934065934065934	115	16	7	1	0	31	31	0	175	57	56.925714285714285	108	16	0	2	0	3	3
ENSMUSP00000020027-mafft-cds.fa	188	195	192.14893617021278	172	7	3	1	0	69	68	0	185	195	192.9945945945946	169	7	0	15	0	51	50
ENSMUSP00000020057-mafft-cds.fa	188	144	122.79787234042553	174	5	47	0	1	144	142	4	141	140	130.75886524822695	133	3	0	15	1	20	20
ENSMUSP00000020062-mafft-cds.fa	188	653	635.3404255319149	186	1	7	3	4	518	514	4	181	649	639.4861878453039	179	1	0	9	4	262	260
ENSMUSP00000020071-mafft-cds.fa	188	302	211.35106382978722	188	0	129	0	0	302	301	0	59	302	268.33898305084745	59	0	0	1	0	299	298
ENSMUSP00000020077-mafft-cds.fa	188	231	202.06914893617022	186	1	32	0	1	227	218	12	156	219	208.0448717948718	152	2	0	22	1	125	124
ENSMUSP00000020081-mafft-cds.fa	183	55	54.84153005464481	120	13	0	0	2	9	9	0	183	55	54.84153005464481	120	13	0	0	2	9	9
ENSMUSP00000020085-mafft-cds.fa	187	70	54.16577540106952	95	20	11	0	0	70	56	16	176	54	54.0	92	17	0	8	0	0	0
ENSMUSP00000020102-mafft-cds.fa	188	350	226.2872340425532	188	0	178	0	0	350	291	0	10	350	297.8	10	0	0	93	0	115	115
ENSMUSP00000020103-mafft-cds.fa	182	24	23.994505494505493	76	24	0	3	0	0	0	0	182	24	23.994505494505493	76	24	0	3	0	0	0
ENSMUSP00000020107-mafft-cds.fa	188	929	858.781914893617	188	0	3	40	0	652	650	40	185	889	841.6162162162162	185	0	0	43	0	573	571
ENSMUSP00000020109-mafft-cds.fa	188	80	77.33510638297872	102	22	12	0	0	80	80	0	176	80	79.89204545454545	97	19	0	10	0	0	0
ENSMUSP00000020112-mafft-cds.fa	188	739	660.8723404255319	188	0	33	0	5	739	732	35	155	704	686.5935483870968	155	0	0	30	4	256	253
ENSMUSP00000020113-mafft-cds.fa	184	59	57.35326086956522	114	19	10	1	0	30	30	0	174	59	58.98275862068966	104	19	0	8	0	0	0
ENSMUSP00000020118-mafft-cds.fa	188	146	143.98936170212767	135	12	3	0	0	63	62	0	185	146	144.77297297297298	132	12	0	15	0	17	16
ENSMUSP00000020150-mafft-cds.fa	180	249	239.76111111111112	178	1	15	0	0	224	224	0	165	249	248.4	163	1	0	4	0	2	2
ENSMUSP00000020153-mafft-cds.fa	188	214	207.44148936170214	172	5	7	6	0	183	181	0	181	214	210.19337016574585	165	5	0	25	0	67	65
ENSMUSP00000020163-mafft-cds.fa	188	91	89.67553191489361	136	16	1	7	0	14	13	0	187	91	89.94652406417113	135	16	0	10	0	13	12
ENSMUSP00000020169-mafft-cds.fa	188	86	71.01063829787235	155	14	104	0	0	86	85	0	84	86	84.96428571428571	66	8	0	10	0	2	1
ENSMUSP00000020171-mafft-cds.fa	186	251	233.7258064516129	186	0	24	0	0	208	208	0	162	251	247.3395061728395	162	0	0	19	0	76	76
ENSMUSP00000020173-mafft-cds.fa	183	74	72.45901639344262	138	19	0	6	0	10	9	0	183	74	72.45901639344262	138	19	0	6	0	10	9
ENSMUSP00000020190-mafft-cds.fa	188	142	130.49468085106383	186	1	9	0	1	142	140	0	179	142	133.1340782122905	177	1	0	3	1	59	57
ENSMUSP00000020204-mafft-cds.fa	188	269	265.77127659574467	186	1	6	6	0	190	190	0	182	269	268.2967032967033	180	1	0	23	0	28	28
ENSMUSP00000020212-mafft-cds.fa	188	255	250.31382978723406	186	1	3	0	2	196	196	0	185	255	251.83783783783784	183	1	0	7	2	106	106
ENSMUSP00000020220-mafft-cds.fa	176	40	38.35795454545455	40	18	16	3	0	18	18	0	160	40	39.99375	32	15	0	16	0	0	0
ENSMUSP00000020223-mafft-cds.fa	177	80	79.29378531073446	121	17	3	7	0	38	38	0	174	80	79.8735632183908	118	17	0	9	0	7	7
ENSMUSP00000020227-mafft-cds.fa	188	344	299.9308510638298	188	0	47	10	0	221	210	15	141	329	308.45390070921985	139	1	0	33	0	108	108
ENSMUSP00000020234-mafft-cds.fa	186	27	27.0	30	14	0	5	0	0	0	0	186	27	27.0	30	14	0	5	0	0	0
ENSMUSP00000020238-mafft-cds.fa	188	468	451.4414893617021	182	3	1	12	1	200	190	14	187	454	448.0855614973262	181	3	0	18	1	172	172
ENSMUSP00000020241-mafft-cds.fa	188	202	192.88829787234042	184	2	17	0	0	202	202	0	171	202	198.57309941520467	169	1	0	4	0	99	99
ENSMUSP00000020252-mafft-cds.fa	186	58	39.30107526881721	41	18	173	0	0	20	0	0	13	58	58.0	6	2	0	30	0	0	0
ENSMUSP00000020255-mafft-cds.fa	188	240	184.78191489361703	188	0	91	0	0	240	240	0	97	240	234.5463917525773	97	0	0	25	0	31	31
ENSMUSP00000020263-mafft-cds.fa	188	325	306.88829787234044	164	11	7	0	0	193	183	12	181	313	305.8066298342541	157	11	0	77	0	85	83
ENSMUSP00000020268-mafft-cds.fa	188	667	643.4308510638298	188	0	0	20	2	375	359	17	188	650	641.3829787234042	186	1	0	20	2	359	358
ENSMUSP00000020273-mafft-cds.fa	188	326	317.6063829787234	188	0	9	9	0	255	254	0	179	326	321.7877094972067	179	0	0	15	0	153	152
ENSMUSP00000020278-mafft-cds.fa	188	65	64.36170212765957	119	18	3	2	0	35	35	0	185	65	64.88108108108108	116	18	0	5	0	2	2
ENSMUSP00000020283-mafft-cds.fa	188	220	195.99468085106383	186	1	29	0	0	220	215	4	159	216	203.8176100628931	157	1	0	6	0	133	130
ENSMUSP00000020286-mafft-cds.fa	188	43	41.63297872340426	88	20	4	2	4	23	22	0	184	43	41.96195652173913	84	20	0	4	4	2	1
ENSMUSP00000020289-mafft-cds.fa	186	78	76.8763440860215	160	11	6	0	0	43	43	0	180	78	77.78888888888889	154	11	0	3	0	11	11
ENSMUSP00000020298-mafft-cds.fa	184	27	27.0	57	19	0	3	0	0	0	0	184	27	27.0	57	19	0	3	0	0	0
ENSMUSP00000020311-mafft-cds.fa	185	66	65.83783783783784	119	17	1	6	0	0	0	0	184	66	65.96739130434783	118	17	0	9	0	0	0
ENSMUSP00000020312-mafft-cds.fa	188	107	104.49468085106383	142	16	8	0	0	107	107	0	180	107	106.54444444444445	136	15	0	13	0	19	19
ENSMUSP00000020315-mafft-cds.fa	188	825	767.5797872340426	188	0	29	7	0	731	730	0	159	825	804.0943396226415	159	0	0	28	0	280	279
ENSMUSP00000020316-mafft-cds.fa	188	60	55.579787234042556	137	17	27	0	0	37	37	0	161	60	59.95652173913044	115	15	0	5	0	1	1
ENSMUSP00000020322-mafft-cds.fa	188	608	517.3936170212766	188	0	51	0	1	557	553	3	137	605	545.5474452554745	137	0	0	6	1	438	436
ENSMUSP00000020339-mafft-cds.fa	188	267	260.1914893617021	182	3	5	9	3	171	170	0	183	267	262.42622950819674	177	3	0	12	3	105	104
ENSMUSP00000020350-mafft-cds.fa	188	114	110.18617021276596	144	16	9	0	0	113	113	0	179	114	112.70949720670392	135	16	0	6	0	23	23
ENSMUSP00000020365-mafft-cds.fa	187	184	159.84491978609626	180	3	24	0	0	184	168	16	163	168	165.159509202454	156	3	0	7	0	28	27
ENSMUSP00000020375-mafft-cds.fa	186	88	81.74193548387096	159	9	2	0	0	15	13	0	184	88	82.02173913043478	157	9	0	0	0	14	12
ENSMUSP00000020378-mafft-cds.fa	188	473	438.3351063829787	188	0	12	0	1	473	460	13	176	460	443.16477272727275	176	0	0	2	1	312	304
ENSMUSP00000020381-mafft-cds.fa	188	116	112.67553191489361	176	4	13	0	4	116	116	0	175	116	115.76571428571428	163	4	0	3	4	9	9
ENSMUSP00000020383-mafft-cds.fa	188	294	277.718085106383	184	2	13	0	0	294	294	0	175	294	285.10857142857145	171	2	0	6	0	77	77
ENSMUSP00000020403-mafft-cds.fa	186	103	90.54301075268818	169	6	44	0	0	103	98	7	142	96	95.7605633802817	126	4	0	0	0	8	8
ENSMUSP00000020420-mafft-cds.fa	188	240	234.9787234042553	176	5	4	0	0	187	187	0	184	240	236.68478260869566	172	5	0	11	0	161	161
ENSMUSP00000020439-mafft-cds.fa	178	40	38.825842696629216	88	23	2	4	0	15	14	0	176	40	39.0	86	23	0	4	0	1	0
ENSMUSP00000020449-mafft-cds.fa	180	29	29.0	82	20	0	1	0	0	0	0	180	29	29.0	82	20	0	1	0	0	0
ENSMUSP00000020456-mafft-cds.fa	182	41	40.81318681318681	121	21	2	1	0	1	1	0	180	41	40.99444444444445	119	21	0	2	0	0	0
ENSMUSP00000020461-mafft-cds.fa	188	177	168.61702127659575	163	10	16	1	0	176	176	0	172	177	174.7906976744186	149	9	0	17	0	48	48
ENSMUSP00000020478-mafft-cds.fa	188	363	352.88829787234044	184	2	8	0	0	268	268	0	180	363	356.5722222222222	176	2	0	5	0	213	213
ENSMUSP00000020493-mafft-cds.fa	188	144	139.80851063829786	169	7	8	0	0	144	143	0	180	144	142.96666666666667	161	7	0	18	0	1	0
ENSMUSP00000020497-mafft-cds.fa	188	365	331.1010638297872	186	1	24	0	1	338	338	0	164	365	342.8658536585366	162	1	0	13	1	241	241
ENSMUSP00000020500-mafft-cds.fa	188	310	290.13829787234044	186	1	13	0	1	310	310	0	175	310	296.48	173	1	0	0	1	309	309
ENSMUSP00000020522-mafft-cds.fa	188	262	229.06382978723406	188	0	40	0	0	262	262	0	148	262	244.34459459459458	148	0	0	1	0	226	226
ENSMUSP00000020552-mafft-cds.fa	182	125	111.37912087912088	160	9	38	1	1	90	89	0	144	125	121.90972222222223	124	8	0	10	0	30	29
ENSMUSP00000020554-mafft-cds.fa	186	115	105.28494623655914	174	6	12	0	1	91	84	8	174	107	105.82758620689656	162	6	0	3	0	8	7
ENSMUSP00000020564-mafft-cds.fa	187	136	98.63101604278074	161	8	186	0	0	101	66	NA	1	NA	NA	NA	NA	NA	NA	NA	NA	NA
ENSMUSP00000020575-mafft-cds.fa	184	75	74.83695652173913	113	25	0	4	0	7	7	0	184	75	74.83695652173913	113	25	0	4	0	7	7
ENSMUSP00000020580-mafft-cds.fa	188	547	501.6436170212766	186	1	27	0	1	547	532	16	161	531	523.7577639751553	159	1	0	14	1	221	221
ENSMUSP00000020581-mafft-cds.fa	188	451	414.5	188	0	16	0	1	451	451	0	172	451	422.9360465116279	172	0	0	12	1	338	338
ENSMUSP00000023830-mafft-cds.fa	188	82	79.5372340425532	148	15	6	0	3	82	81	0	182	82	80.91758241758242	144	14	0	4	3	3	2
ENSMUSP00000026398-mafft-cds.fa	188	168	158.34574468085106	175	6	16	0	0	140	138	4	172	164	163.0639534883721	158	6	0	9	0	31	31
ENSMUSP00000026406-mafft-cds.fa	188	176	174.04255319148936	184	2	0	5	0	74	73	0	188	176	174.04255319148936	184	2	0	5	0	74	73
ENSMUSP00000026408-mafft-cds.fa	188	134	131.3031914893617	139	17	1	6	0	20	18	4	187	130	129.77005347593584	138	17	0	17	0	7	7
# ----------------
# Pre-filter proteins: 964
# Pre-filter samples : 143736
# Samples removed with premature stops: 825
# Samples removed above gappy threshold: 18864
# Proteins removed because of too few sequences post-filter: 193
# Post-filter proteins: 753
# Post-filter samples : 124663
