"tp"	"num.genes.c"	"num_genes_d1"	"num_genes_d2"	"num.genes.m"	"c.avg.block.size"	"c.avg.block.count"	"c.num.blocks"	"d1.avg.block.size"	"d1.avg.block.count"	"d1.num.blocks"	"d2.avg.block.size"	"d2.avg.block.count"	"d2.num.blocks"	"m.avg.block.size"	"m.avg.block.count"	"m.num.blocks"
"<10>"	5016	250	266	5850	391817.680042995	0.798638480831243	2791	189941.154471545	0.016260162601626	246	225023.282442748	0.0152671755725191	262	418719.335456476	1.0686482661005	2826
"<100>"	835	345	205	9997	245245.953246753	0.0831168831168831	770	185568.048632219	0.0486322188449848	329	187498.532019704	0.0147783251231527	203	1735370.45318973	7.28251864125932	1207
"<101>"	3333	154	74	7821	305313.58583691	0.430472103004292	2330	210735.564935065	0.00649350649350649	154	247955.297297297	0	74	669018.574318745	2.22873658133774	2422
"<102>"	3357	544	664	6817	301557.081833762	0.437874892887746	2334	184493.028409091	0.0321969696969697	528	237381.306818182	0.0762987012987013	616	527988.292126564	1.50846210448859	2718
"<103>"	5860	162	151	5209	420966.79093828	1.08990367463432	2803	139175.26875	0.0125	160	190512.96	0.00666666666666667	150	412806.705734767	0.867741935483871	2790
"<104>"	2277	1059	1063	6983	269201.598647125	0.286358511837655	1774	254111.551401869	0.0996884735202492	963	236919.563086548	0.10740354535975	959	542007.068835098	1.63956127080182	2644
"<105>"	1780	713	937	7952	258591.926747312	0.19758064516129	1488	231071.378214826	0.075642965204236	661	230853.954009434	0.106132075471698	848	696183.406500633	2.35626846770789	2369
"<106>"	5048	575	702	5057	391485.550729797	0.797080811676753	2809	222416.626811594	0.0398550724637681	552	209542.804281346	0.0718654434250764	654	366815.248117605	0.813911796342775	2789
"<107>"	3695	339	374	6974	324255.21770918	0.503249390739236	2462	224733.219512195	0.0335365853658537	328	209535.936639118	0.0303030303030303	363	538459.168168168	1.61561561561562	2664
"<108>"	2632	746	947	7057	290492.176589304	0.32795156407669	1982	217513.083936324	0.0767004341534009	691	227310.47410817	0.094361334867664	869	553893.611996963	1.67843583902809	2634
"<109>"	2414	1026	791	7151	268628.543944266	0.290996784565916	1866	209817.382289417	0.107991360691145	926	182631.244535519	0.0806010928961749	732	598577.179576108	1.75761078998073	2595
"<11>"	2002	306	261	8813	255202.952262864	0.241785492870428	1613	199827.666666667	0.0374149659863946	294	214861.596078431	0.0313725490196078	255	950544.630501535	3.50921187308086	1954
"<110>"	6044	430	602	4306	455038.072890485	1.16983842010772	2785	236135.188264059	0.0513447432762836	409	202526.268630849	0.0450606585788562	577	341989.999620781	0.632916192643155	2637
"<111>"	7046	202	160	3974	582599.469961977	1.67984790874525	2630	243934.575	0.01	200	197575.820512821	0.0128205128205128	156	303544.805829067	0.565183142969673	2539
"<112>"	7772	41	54	3515	658722.795792079	2.20420792079208	2424	221589.487804878	0	41	155136.811320755	0.0188679245283019	53	321008.410192147	0.470342522974102	2394
"<113>"	6832	63	61	4426	518620.487467265	1.55667789001122	2673	170242.09375	0	64	223856.278688525	0	61	367519.788577912	0.672844175491679	2644
"<114>"	4216	389	394	6383	321821.37101115	0.618992695117263	2601	199976.829787234	0.0345744680851064	376	206294.63060686	0.0369393139841689	379	513504.711176688	1.3566949465142	2711
"<115>"	2968	1049	1039	6326	284914.579332419	0.358024691358025	2187	205963.175732218	0.098326359832636	956	232015.008429926	0.0916754478398314	949	487066.178156749	1.29535558780842	2756
"<116>"	5550	356	384	5092	412564.300847458	0.958333333333333	2832	188778.877492877	0.0142450142450142	351	228176.797814208	0.046448087431694	366	383011.664987406	0.834112990284275	2779
"<117>"	5909	124	128	5221	433285.474019088	1.08837044892188	2829	283910.927419355	0.00806451612903226	124	155190.547619048	0.0158730158730159	126	394989.978853047	0.871326164874552	2790
"<118>"	1940	797	1889	6756	251075.127457197	0.230183893468611	1577	222911.031377899	0.0845839017735334	733	252825.932138284	0.213828425096031	1562	527629.199482822	1.49390469154045	2707
"<119>"	2851	209	157	8165	299185.425612053	0.344632768361582	2124	217137.454545455	0.0505050505050505	198	230255.220779221	0.012987012987013	154	721410.828793774	2.52875054042369	2313
"<12>"	834	745	796	9007	252949.179123711	0.0760309278350515	776	190116.972503618	0.0810419681620839	691	272073.600536193	0.064343163538874	746	973669.460567823	3.73501577287066	1902
"<120>"	2265	1016	1391	6710	288202.983230855	0.263834544438234	1789	245096.830065359	0.106753812636166	918	255477.232977851	0.143560295324036	1219	496464.49141791	1.50410447761194	2680
"<121>"	1647	387	554	8794	283048.373239437	0.16056338028169	1420	226666.6	0.0293333333333333	375	289494.604519774	0.0433145009416196	531	861471.46933729	3.34915924826904	2022
"<122>"	915	498	592	9377	292490.114421931	0.0953516090584029	839	239991.858037578	0.0396659707724426	479	236050.082585278	0.059245960502693	557	1141733.33876812	4.66123188405797	1656
"<123>"	892	331	1008	9151	272127.793020457	0.0806257521058965	831	210420.201863354	0.0279503105590062	322	228562.04767184	0.116407982261641	902	1057578.17022472	4.13820224719101	1780
"<124>"	1420	457	383	9122	255674.546644845	0.164484451718494	1222	211355.315789474	0.0503432494279176	437	226947.879679144	0.0213903743315508	374	1054523.97493036	4.07966573816156	1795
"<125>"	3623	246	278	7235	332795.188911704	0.48870636550308	2435	188390.87654321	0.0123456790123457	243	190260.460966543	0.0371747211895911	269	565655.781825153	1.77300613496933	2608
"<126>"	6023	153	66	5140	479551.85509839	1.15456171735241	2795	214773.675496689	0.0198675496688742	151	201997.661538462	0.0153846153846154	65	361493.472252448	0.864345302865433	2757
"<127>"	2974	1447	1585	5376	323100.667731629	0.356914650844363	2191	236530.217254902	0.134117647058824	1275	284705.318681319	0.161172161172161	1365	349958.500177746	0.911837895485247	2813
"<128>"	4696	532	516	5638	394678.169960474	0.686669062163133	2783	192277.418511066	0.0724346076458753	497	215248.633064516	0.0403225806451613	496	384856.302027748	1.00604766986837	2811
"<129>"	6485	53	76	4768	521573.841627316	1.35488557936796	2753	180858.622641509	0	53	229191.581081081	0.0135135135135135	74	336665.620563483	0.745700695206733	2733
"<13>"	1024	206	315	9837	266305.977949283	0.126791620727674	907	217472.595	0.03	200	228823.332258065	0.0161290322580645	310	1528338.11236802	6.42006033182504	1326
"<130>"	3751	370	497	6764	341525.387380192	0.497603833865815	2504	228441.896551724	0.0603448275862069	348	229744.405462185	0.046218487394958	476	494828.068022181	1.50092421441774	2705
"<131>"	4172	238	351	6621	358919.54637175	0.618160651920838	2577	225354.008438819	0.00843881856540084	237	274459.704142012	0.0384615384615385	338	480730.813782991	1.42741935483871	2728
"<132>"	5525	61	52	5744	424861.95568263	0.975339528234453	2798	284096.213114754	0	61	153365.615384615	0	52	416866.56368177	1.04851944345344	2803
"<133>"	8363	24	29	2966	782769.842752963	2.81312670920693	2194	384352.416666667	0	24	170675.482758621	0	29	302497.457713755	0.37685873605948	2152
"<134>"	5259	258	228	5637	407146.996458924	0.862960339943343	2824	273321.533864542	0.0239043824701195	251	230406.004424779	0.00884955752212389	226	390754.403021785	0.980323260716796	2846
"<135>"	5697	333	400	4952	453902.898493544	1.04304160688666	2788	250661.815625	0.034375	320	196382.41943734	0.0255754475703325	391	352706.474283615	0.819985304922851	2722
"<136>"	5537	520	501	4824	428027.904951211	1.00180701120347	2767	221785.936344969	0.0677618069815195	487	177208.869565217	0.0372670807453416	483	373176.360698366	0.791233283803863	2692
"<137>"	5351	462	410	5159	403827.847366535	0.919025438910785	2791	190774.368539326	0.0382022471910112	445	212079.6	0.0354430379746835	395	390091.907035176	0.85032304379038	2786
"<138>"	3730	991	1318	5343	311103.185261424	0.536023054755043	2429	214958.940382452	0.116985376827897	889	254929.078761062	0.164601769911504	1130	417804.010556971	0.944666909355661	2747
"<139>"	6012	88	102	5180	428019.493598862	1.13833570412518	2812	294575.643678161	0	87	234476.02970297	0.0099009900990099	101	403732.893137956	0.85132237312366	2798
"<14>"	445	250	258	10429	249812.390186916	0.0373831775700935	428	220239.082644628	0.0247933884297521	242	282103.607142857	0.0277777777777778	252	2436283.05889015	10.8131370328426	883
"<140>"	7776	17	9	3580	670331.933938893	2.21139554087531	2422	370265.764705882	0	17	134428.222222222	0	9	312083.594269103	0.485880398671096	2408
"<141>"	3287	310	369	7416	300453.697512003	0.434744652989961	2291	200051.195364238	0.0264900662251656	302	273003.478873239	0.0394366197183099	355	600810.982799062	1.89913995308835	2558
"<142>"	4996	696	594	5096	393036.180675287	0.794899425287356	2784	211999.083713851	0.0578386605783866	657	196062.273214286	0.0607142857142857	560	373563.843637671	0.831775700934579	2782
"<143>"	3486	717	462	6717	299555.06686291	0.467199327165685	2378	253200.113772455	0.0733532934131736	668	205914.976958525	0.0668202764976959	434	518816.202131569	1.46710768099963	2721
"<144>"	1452	993	1573	7364	230492.45505171	0.154335719968178	1257	210598.888017917	0.110862262038074	893	246007.944974321	0.153338224504769	1363	604562.002696456	1.83782742681048	2596
"<145>"	6966	78	94	4244	556862.468970643	1.59011519881085	2691	226713.077922078	0.012987012987013	77	238547.79787234	0	94	320359.888804554	0.609108159392789	2635
"<146>"	2482	298	523	8079	277536.081871345	0.317916002126528	1881	182860.489726027	0.0273972602739726	292	226852.617063492	0.0436507936507936	504	733754.338534894	2.50108365843086	2307
"<147>"	1757	366	441	8818	234113.685086551	0.172436750998668	1502	206802.514124294	0.0282485875706215	354	231158.403800475	0.0475059382422803	421	923724.467725919	3.37735849056604	2014
"<148>"	1703	500	439	8740	237801.942877802	0.231381055676067	1383	226729.191082803	0.0615711252653928	471	202596.877358491	0.0400943396226415	424	923560.793548387	3.33647642679901	2015
"<149>"	4667	578	642	5495	373521.873750463	0.728248796741947	2701	230871.014519056	0.0453720508166969	551	279662.998333333	0.075	600	388704.613333333	0.979459459459459	2775
"<15>"	1578	434	437	8933	272557.926416483	0.164091243561442	1359	218729.754176611	0.0381861575178998	419	195463.324582339	0.0429594272076372	419	954121.686040477	3.63310845874416	1927
"<150>"	5818	47	75	5442	464708.389109268	1.09664623151821	2773	266882.510638298	0	47	227648.973684211	0	76	385251.429398986	0.971397538015931	2762
"<151>"	6439	270	297	4376	479642.101588474	1.37864794975988	2707	304388.166023166	0.0424710424710425	259	206278.494736842	0.0385964912280702	285	359759.990877993	0.663625997719498	2631
"<152>"	3952	217	240	6973	334599.313043478	0.561264822134387	2530	212945.342857143	0.0333333333333333	210	211891.540084388	0.0126582278481013	237	548144.744009129	1.65310003803728	2629
"<153>"	1555	907	739	8181	251630.980974125	0.185692541856925	1314	255298.832524272	0.0983009708737864	824	230953.30044843	0.106128550074738	669	751795.234402852	2.64483065953654	2244
"<154>"	5798	187	270	5127	433295.016678495	1.05819730305181	2818	217583.554347826	0.016304347826087	184	220808.970037453	0.0112359550561798	267	381381.509332376	0.839554917444365	2786
"<155>"	6218	489	390	4285	480740.554718335	1.23179045568712	2787	214743.580299786	0.0492505353319058	467	193894.227154047	0.0156657963446475	383	330355.762557078	0.629756468797565	2628
"<156>"	4192	339	469	6382	333589.897895557	0.634450506625097	2566	190160.542056075	0.0560747663551402	321	161895.148471616	0.0327510917030568	458	515129.367271381	1.36060718252499	2701
"<157>"	2586	480	539	7777	260594.735868448	0.329393627954779	1946	203542.727876106	0.0619469026548673	452	239857.180232558	0.0503875968992248	516	685243.863336086	2.20933113129645	2422
"<158>"	2397	729	831	7425	313604.63559322	0.270656779661017	1888	241497.013254786	0.0736377025036819	679	257438.00388601	0.0764248704663212	772	558147.555903049	1.90187646598905	2558
"<159>"	4769	688	525	5400	402178.826987061	0.764140480591497	2705	206420.815457413	0.0851735015772871	634	259606.862823062	0.047713717693837	503	365216.979498056	0.907034287734182	2829
"<16>"	3878	737	469	6298	321022.740827479	0.515222482435597	2562	229249.590116279	0.0683139534883721	688	272227.676339286	0.0401785714285714	448	455984.199430199	1.24323361823362	2808
"<160>"	5207	520	497	5158	401674.628007181	0.869658886894075	2785	205400.274549098	0.0400801603206413	499	189230.247379455	0.0419287211740042	477	386687.439350181	0.862454873646209	2770
"<161>"	3410	1266	1568	5138	288354.629551228	0.444538526672312	2362	244186.406914894	0.122340425531915	1128	254860.685442575	0.146305779078274	1367	386935.422621185	0.844524236983842	2785
"<162>"	5084	144	107	6047	438257.537725432	0.868973132131027	2717	297572.293706294	0.00699300699300699	143	219090.095238095	0.019047619047619	105	409990.019293775	1.20349472151438	2747
"<163>"	5349	798	688	4547	404343.116929699	0.91857962697274	2788	191284.998643148	0.0827679782903663	737	236554.9859375	0.075	640	357145.684718101	0.686572700296736	2696
"<164>"	6084	580	498	4220	456368.118188252	1.15428167020524	2826	232953.261343013	0.0508166969147005	551	202759.813807531	0.0418410041841004	478	327757.034756328	0.593124291650926	2647
"<165>"	6702	588	523	3569	533128.1174915	1.5319229316207	2647	215734.302325581	0.0483005366726297	559	198042.708333333	0.0416666666666667	504	319687.732652192	0.519369944657301	2349
"<166>"	9489	17	18	1858	1235874.67443325	4.9735516372796	1588	85925	0	17	148638.333333333	0	18	268457.335700452	0.201420271142673	1549
"<167>"	7821	46	51	3464	675413.59483118	2.26010837849104	2399	281002.608695652	0	46	227382.823529412	0	51	312322.50338696	0.466553767993226	2362
"<168>"	4584	857	799	5142	357601.659201194	0.711459499813363	2679	241447.556257901	0.0847029077117573	791	212448.85560054	0.0742240215924427	741	393462.942230347	0.880438756855576	2735
"<169>"	4895	868	899	4720	370772.507068452	0.821428571428571	2688	230241.053231939	0.100126742712294	789	229162.608851675	0.076555023923445	836	369857.187728269	0.723155588020453	2738
"<17>"	4139	355	381	6507	330343.328070851	0.592221794378129	2597	231855.120588235	0.0441176470588235	340	203033.951351351	0.0324324324324324	370	497528.379310345	1.36297640653358	2755
"<170>"	3679	389	406	6908	297092.426900585	0.534252297410192	2394	188139.359042553	0.0372340425531915	376	202181.564102564	0.041025641025641	390	581251.005347594	1.64056531703591	2618
"<171>"	3155	1290	1692	5245	296134.605004468	0.40840035746202	2238	203461.643478261	0.124347826086957	1150	251408.539816772	0.192389006342495	1419	404973.729196557	0.881276901004304	2788
"<172>"	3560	1015	673	6134	355555.896567299	0.609304426377597	2214	234077.78	0.192941176470588	850	228760.375838926	0.130872483221477	596	460876.941843453	1.24250182882224	2734
"<173>"	4390	816	988	5188	362844.158270528	0.741769139230464	2521	229731.473611111	0.136111111111111	720	230486.82278481	0.138089758342923	869	401792.117389719	0.889901567626686	2743
"<174>"	5734	971	566	4111	471020.012721665	1.21087124132614	2594	224097.820282413	0.242618741976893	779	234376.095684803	0.0656660412757974	533	340539.753657572	0.625543693159352	2529
"<175>"	6154	472	464	4292	464364.264442052	1.20667384284177	2787	194072.028384279	0.0327510917030568	458	236374.261958998	0.0569476082004556	439	340315.013677812	0.631838905775076	2632
"<176>"	7997	151	155	3079	696797.922170804	2.36390408077408	2377	233330.408163265	0.0272108843537415	147	257798.322368421	0.0197368421052632	152	289863.248223801	0.367673179396092	2252
"<177>"	5233	89	110	5950	364715.972737186	0.90185387131952	2751	165328.730337079	0	89	178173.376146789	0.00917431192660551	109	487523.31098224	1.15694092062341	2759
"<178>"	2359	1143	1090	6790	237364.868392665	0.272384034519957	1854	213599.176587302	0.133928571428571	1008	223868.510141988	0.105476673427992	986	559179.221974759	1.52041573867854	2694
"<179>"	2794	1249	1370	5969	261121.990860991	0.344877344877345	2079	242175.77748227	0.106382978723404	1128	229798.766666667	0.1425	1200	463295.116654702	1.14178033022254	2786
"<18>"	1714	678	718	8272	271179.164315938	0.208744710860367	1418	245098.422893482	0.0779014308426073	629	256175.947526237	0.0749625187406297	667	756318.847649186	2.74005424954792	2212
"<180>"	6410	28	35	4909	473218.896842878	1.35389133627019	2724	261568.321428571	0	28	189140.057142857	0	35	397772.115327929	0.808032424465733	2714
"<181>"	4096	802	874	5610	335482.933565083	0.582078022402472	2589	227239.199733688	0.066577896138482	751	215837.267166042	0.0911360799001248	801	411401.759578207	0.972231985940246	2845
"<182>"	4117	195	223	6847	373656.239649682	0.63734076433121	2512	192702.166666667	0.015625	192	191007.242009132	0.0182648401826484	219	512614.245212167	1.57266241081487	2663
"<183>"	2379	885	1337	6781	268452.37567861	0.291530944625407	1842	222237.382425743	0.0952970297029703	808	251362.887082977	0.14114627887083	1169	520281.46929018	1.49503493931593	2719
"<184>"	4297	748	690	5647	349947.513523666	0.61419984973704	2662	186256.547788873	0.0670470756062767	701	209905.785932722	0.0565749235474006	654	417480.983062809	0.992237120677488	2834
"<185>"	5962	140	144	5136	443680.321060383	1.19550810014728	2716	287417.138686131	0.0218978102189781	137	159074.521428571	0.0285714285714286	140	413435.819933309	0.902556502408299	2699
"<19>"	1364	442	664	8912	263955.529163145	0.153846153846154	1183	234032.403800475	0.0475059382422803	421	243656.283413849	0.07085346215781	621	948644.099009901	3.64356435643564	1919
"<2>"	7660	113	52	3557	692731.384108687	2.15397282832441	2429	148611.394736842	0	114	277984.480769231	0	52	283745.410441426	0.508913412563667	2356
"<20>"	2900	431	398	7653	282659.664150943	0.368396226415094	2120	220098.501210654	0.0411622276029056	413	206176.795811518	0.0392670157068063	382	649877.932339911	2.08256141763995	2483
"<21>"	5140	59	57	6126	388763.901867448	0.882094470889784	2731	158486.542372881	0	59	164025.410714286	0.0178571428571429	56	477206.033711982	1.24477830707219	2729
"<22>"	3910	291	257	6924	328546.698809524	0.551587301587302	2520	164510.605633803	0.028169014084507	284	233583.16064257	0.0321285140562249	249	545830.086972892	1.60655120481928	2656
"<23>"	1455	306	330	9291	303699.186751796	0.16121308858739	1253	220552.291525424	0.0406779661016949	295	217175.43081761	0.0377358490566038	318	1110514.75445898	4.52318668252081	1682
"<24>"	1171	934	890	8387	219123.867239733	0.115568290353391	1047	209381.488810365	0.102473498233216	849	207833.767790262	0.112359550561798	801	835897.962107209	2.87569316081331	2164
"<25>"	1582	409	322	9069	238918.712166172	0.17433234421365	1348	238817.473282443	0.0432569974554707	393	193114.378980892	0.0254777070063694	314	1045523.86450905	3.973669775096	1823
"<26>"	912	759	686	9025	241809.234299517	0.102657004830918	828	238322.135211268	0.0704225352112676	710	201088.567233385	0.0633693972179289	647	1008577.68934119	3.831815747188	1867
"<27>"	6024	148	266	4944	451443.467491166	1.12756183745583	2830	280879.465277778	0.0208333333333333	144	202043.306818182	0.0113636363636364	264	363601.050701187	0.778856526429342	2781
"<28>"	2815	500	474	7593	271993.132883967	0.35387578237843	2077	169553.353191489	0.0659574468085106	470	229508.057395143	0.0507726269315673	453	669380.847193773	2.11061040557149	2441
"<29>"	3936	146	115	7185	308927.356973059	0.561806656101426	2524	233001.626760563	0.028169014084507	142	209189.052631579	0.0087719298245614	114	592064.028724627	1.74952125622367	2611
"<3>"	8339	165	156	2722	808136.096788991	2.8256880733945	2180	245101.296296296	0.0185185185185185	162	226347.901315789	0.0263157894736842	152	273212.208395802	0.359820089955023	2001
"<30>"	1646	267	296	9173	255044.075090253	0.189169675090253	1385	239621.496124031	0.0310077519379845	258	262781.079861111	0.0277777777777778	288	1064008.02587177	4.15916760404949	1778
"<31>"	948	367	479	9588	263285.903488372	0.0988372093023256	860	241967.266081871	0.0701754385964912	342	266265.030701754	0.0548245614035088	456	1308277.53016086	5.42761394101877	1492
"<32>"	1171	102	24	10085	295693.291505791	0.13030888030888	1036	274350.475247525	0.0099009900990099	101	252464	0.0434782608695652	23	1798143.74207746	7.87764084507042	1136
"<33>"	1196	337	388	9461	252460.419324578	0.122889305816135	1066	267158.725	0.05	320	244266.093085106	0.0319148936170213	376	1224597.06578115	4.98418722327641	1581
"<34>"	862	254	587	9679	280029.730038023	0.0925221799746515	789	210966.222672065	0.0283400809716599	247	228853.682395644	0.0653357531760436	551	1347415.16168478	5.57540760869565	1472
"<35>"	418	569	760	9635	276081.19201995	0.0399002493765586	401	251099.910305344	0.0858778625954199	524	231688.031029619	0.0719322990126939	709	1352494.10403833	5.59548254620123	1461
"<36>"	1317	328	422	9315	270651.31227758	0.171708185053381	1124	255528.282539683	0.0412698412698413	315	222354.068292683	0.0292682926829268	410	1148600.57771084	4.61144578313253	1660
"<37>"	4032	106	72	7172	357102.719305172	0.591788393209633	2533	258244.273584906	0	106	205787.777777778	0	72	556085.906274206	1.77769171185128	2582
"<38>"	2771	409	984	7218	292227.190313112	0.357632093933464	2044	185768.593264249	0.0569948186528497	386	234530.36031927	0.122006841505131	877	580386.232101617	1.77713625866051	2598
"<39>"	5676	266	195	5245	429416.602998929	1.02677615137451	2801	233069.380769231	0.0230769230769231	260	244890.010638298	0.0372340425531915	188	391646.841240876	0.913868613138686	2740
"<4>"	6915	413	375	3679	556352.212798183	1.61946232487694	2641	196138.246882793	0.029925187032419	401	202887.509859155	0.0535211267605634	355	317065.660706861	0.528898128898129	2405
"<40>"	5137	24	38	6183	448015.37611276	0.904673590504451	2696	255433.416666667	0	24	367088.972972973	0	37	426980.947504621	1.28687615526802	2705
"<41>"	7103	73	67	4139	572824.469865643	1.72667946257198	2605	169793.013888889	0.0138888888888889	72	241775.029850746	0	67	335244.590820692	0.609879424348503	2571
"<42>"	6569	151	111	4551	529656.695747801	1.408357771261	2728	261961.293333333	0.00666666666666667	150	264689.290909091	0.00909090909090909	110	324703.82106836	0.699663802764288	2677
"<43>"	6227	300	340	4515	505072.065491184	1.24145376034545	2779	208413.53559322	0.0169491525423729	295	218722.907185629	0.0149700598802395	334	314727.878121506	0.682445024226612	2683
"<44>"	3745	1299	1419	4919	320850.635084816	0.549855192387257	2417	266123.611650485	0.146513680494263	1133	259338.136251032	0.172584640792733	1211	363709.864636831	0.803741746148202	2726
"<45>"	4575	642	722	5443	385552.31375521	0.733232284956423	2639	194990.660098522	0.0591133004926108	609	175295.485967504	0.0649926144756278	677	401013.050853485	0.935277382645804	2812
"<46>"	7351	180	164	3687	596653.776061776	1.83745173745174	2590	214429.747191011	0.0112359550561798	178	219863.920731707	0	164	308526.547917509	0.491710473109583	2473
"<47>"	4919	914	905	4644	369592.942857143	0.779385171790235	2765	239025.48156956	0.0868014268727705	841	231136.075178998	0.0799522673031026	838	351367.283739542	0.688977810112768	2749
"<48>"	6993	183	135	4071	544836.185226429	1.59539717891611	2694	179128.41011236	0.0224719101123595	178	193345.463235294	0	136	327562.939961759	0.55717017208413	2615
"<49>"	3636	1565	1691	4490	337133.566820276	0.522832006702974	2387	222376.922791388	0.163325909428359	1347	233969.837307153	0.186535764375877	1426	350510.235250464	0.66530612244898	2695
"<5>"	7203	768	825	2586	596607.839334108	1.78861788617886	2583	254504.326359833	0.0753138075313808	717	194165.248062016	0.0671834625322997	774	258771.138351984	0.313326551373347	1966
"<50>"	2155	770	655	7802	289891.23480826	0.269026548672566	1695	284300.796322489	0.0905233380480905	707	267371.163934426	0.0721311475409836	610	641631.468487395	2.27983193277311	2380
"<51>"	1932	1141	1911	6398	326355.669216061	0.230720203951562	1569	219446.034046693	0.110894941634241	1028	297246.525062657	0.196741854636591	1596	427657.138838144	1.33796127146511	2737
"<52>"	4934	163	175	6110	409830.202857143	0.7625	2800	221136.635802469	0.0123456790123457	162	214387.310344828	0.0114942528735632	174	409261.541387813	1.15110954561465	2839
"<53>"	2473	528	550	7831	284113.011518325	0.293193717277487	1910	201102.279527559	0.0393700787401575	508	205885.188571429	0.0476190476190476	525	667338.278869779	2.20802620802621	2442
"<54>"	5980	73	59	5270	501880.976618705	1.15035971223022	2780	237076.154929577	0.0140845070422535	71	198981.779661017	0	59	347622.974619289	0.911892675852067	2758
"<55>"	1242	1042	986	8112	266652.358715596	0.136697247706422	1090	279051.952978056	0.0867293625914316	957	296434.833522084	0.117780294450736	883	674909.267271157	2.50431778929188	2316
"<56>"	1430	779	587	8586	281550.297493937	0.156022635408246	1237	223389.085753804	0.0774550484094053	723	170939.5433213	0.055956678700361	554	847097.22582182	3.09147212958552	2099
"<57>"	5903	105	106	5268	467680.208214286	1.10714285714286	2800	166559.19047619	0	105	175490.913461538	0.0192307692307692	104	371260.292770222	0.886542591267001	2794
"<58>"	7686	100	100	3496	657830.209856263	2.15728952772074	2435	171069.285714286	0.0102040816326531	98	197363.919191919	0	99	316641.953211399	0.487026797107614	2351
"<59>"	3541	105	120	7616	351959.473172793	0.495986480777355	2367	380420.572815534	0.0194174757281553	103	230903.974358974	0.0256410256410256	117	604178.596334012	2.10224032586558	2455
"<6>"	6485	159	159	4579	500729.141886792	1.44754716981132	2650	151128.423076923	0.0256410256410256	156	251934.089171975	0.0127388535031847	157	381871.373220469	0.761061946902655	2599
"<60>"	2650	516	340	7876	313119.701640975	0.317752362008951	2011	247694.047034765	0.0511247443762781	489	204066.158054711	0.033434650455927	329	653005.732888147	2.28797996661102	2396
"<61>"	6713	241	214	4214	536878.553630667	1.47217102838187	2713	203709.662393162	0.0299145299145299	234	172165.285024155	0.0338164251207729	207	321636.572519084	0.610687022900763	2620
"<62>"	8559	43	40	2740	844513.466892218	3.13678105364911	2069	146154.88372093	0	43	194831.743589744	0.0256410256410256	39	306998.097826087	0.353754940711462	2024
"<63>"	2675	997	1327	6383	271442.570930811	0.332005973120956	2009	251969.275521405	0.0944017563117453	911	245153.87510917	0.158078602620087	1145	482710.909057839	1.32193524918152	2749
"<64>"	3887	938	858	5699	313420.127768987	0.537579113924051	2528	219322.76635514	0.0946261682242991	856	240388.168367347	0.0969387755102041	784	437010.408927286	1.05111591072714	2778
"<65>"	4192	816	668	5706	318988.258151132	0.607978519370924	2607	254019.345744681	0.0877659574468085	752	224849.311811024	0.0551181102362205	635	435470.969946333	1.04007155635063	2795
"<66>"	6455	40	36	4851	481402.713764147	1.35633442862359	2739	111274.390243902	0	41	176397.638888889	0	36	386873.994489346	0.782145481263777	2722
"<67>"	5544	145	237	5456	417236.07895677	0.982851018220793	2799	221603.006944444	0.0138888888888889	144	243355.863247863	0.00854700854700855	234	401514.165834522	0.943651925820257	2804
"<68>"	2532	361	284	8205	274585.239896373	0.312953367875648	1930	219156.353448276	0.0373563218390805	348	230783.032608696	0.0289855072463768	276	760156.932978251	2.64092321349312	2253
"<69>"	1983	1098	1765	6536	262225.601851852	0.224691358024691	1620	210769.259109312	0.111336032388664	988	259543.538047138	0.185185185185185	1485	486996.770439129	1.33488039985719	2801
"<7>"	3296	580	607	6899	322083.884515571	0.425173010380623	2312	268223.109123435	0.0393559928443649	559	203913.924398625	0.0481099656357388	582	506013.691056911	1.54841093865484	2706
"<70>"	3063	732	897	6690	289140.739404869	0.380522993688007	2218	211236.276720351	0.0761346998535871	683	220095.304938272	0.107407407407407	810	519662.958608059	1.44981684981685	2730
"<71>"	4301	317	351	6413	333888.908883827	0.633257403189066	2634	262182.096463023	0.0192926045016077	311	256918.988095238	0.0416666666666667	336	481159.932612613	1.31099099099099	2775
"<72>"	2295	991	841	7255	282444.074214518	0.245937161430119	1846	218998.183946488	0.10479375696767	897	210810.869062901	0.0783055198973042	779	569662.419134396	1.75284738041002	2634
"<73>"	1856	620	733	8173	254236.984042553	0.234707446808511	1504	244919.153061224	0.0561224489795918	588	246545.628148148	0.0844444444444444	675	750329.674067496	2.62877442273535	2252
"<74>"	1890	235	402	8855	278914.276196636	0.221862871927555	1546	211809.629955947	0.0352422907488987	227	189742.944297082	0.0583554376657825	377	958519.238095238	3.63579277864992	1911
"<75>"	864	905	330	9283	215068.777634961	0.107969151670951	778	258919.43649815	0.117139334155364	811	211708.877300614	0.0153374233128834	326	1128992.03790087	4.41282798833819	1715
"<76>"	6283	19	21	5059	473298.364869689	1.24312745448054	2801	77253.3888888889	0.0555555555555556	18	191911.238095238	0	21	376986.803155253	0.813911796342775	2789
"<77>"	1107	843	267	9165	276239.584008097	0.121457489878543	988	145610.101763908	0.141112618724559	737	266893.803149606	0.047244094488189	254	1094802.0548953	4.18788907753254	1767
"<78>"	5939	225	202	5016	429969.285663211	1.12370396853772	2797	338523.888372093	0.0465116279069767	215	299960.95959596	0.0202020202020202	198	381553.755644574	0.826292789512017	2746
"<79>"	3001	379	172	7830	297450.238646895	0.390639481000927	2158	209293.671232877	0.0328767123287671	365	306915.564705882	0.0176470588235294	170	669468.504983389	2.25207641196013	2408
"<8>"	1482	895	1348	7657	270703.89348659	0.137164750957854	1305	243226.299877601	0.0966952264381885	817	236594.586993243	0.136824324324324	1184	621416.092985972	2.0685370741483	2495
"<80>"	1611	265	398	9108	266484.022693997	0.1800878477306	1366	187928.501930502	0.0231660231660232	259	243328.875647668	0.0362694300518135	386	1047420.43997767	4.08375209380235	1791
"<81>"	2298	393	308	8383	249044.929173693	0.291736930860034	1779	210495.757978723	0.050531914893617	376	301476.587248322	0.0369127516778524	298	816278.586445366	2.86353158137391	2169
"<82>"	1726	1606	1203	6847	264839.430696416	0.167004732927654	1479	261982.663976522	0.177549523110785	1363	206536.6434619	0.13170272812794	1063	520890.338858195	1.52228360957643	2715
"<83>"	1387	1234	995	7766	248247.286427977	0.154870940882598	1201	250005.685372585	0.135234590616375	1087	260486.34494382	0.11685393258427	890	642606.338617886	2.15731707317073	2460
"<84>"	3993	181	102	7106	346183.182863943	0.584688615628719	2521	326481.988636364	0.0284090909090909	176	183455.254901961	0	102	547192.572900763	1.71145038167939	2620
"<85>"	3863	465	451	6603	310613.856640625	0.509765625	2560	213411.902439024	0.0310421286031042	451	214323.321100917	0.0344036697247706	436	499706.972470504	1.36002860207365	2797
"<86>"	3524	804	1140	5914	320952.50212585	0.498724489795918	2352	210926.073627845	0.0789825970548862	747	223433.878727634	0.131212723658052	1006	448767.231351351	1.13081081081081	2775
"<87>"	2552	1734	1451	5645	284606.586967676	0.307337095946639	1949	247218.794198895	0.198204419889503	1448	266419.142857143	0.171912832929782	1239	408231.103510029	1.02256446991404	2792
"<88>"	6103	67	56	5156	443646.348993289	1.15683504062169	2831	168960.757575758	0.0151515151515152	66	200635.122807018	0	57	392322.382729211	0.830845771144279	2814
"<89>"	2372	911	721	7378	239769.331908071	0.268840192410476	1871	254983.741147741	0.112332112332112	819	210544.718796992	0.0857142857142857	665	617248.15771028	1.87188473520249	2568
"<9>"	2936	302	267	7877	288120.575449931	0.355329949238579	2167	223313.712374582	0.0100334448160535	299	213988.63740458	0.0152671755725191	262	679697.631338321	2.27389858686617	2406
"<90>"	4718	79	77	6508	347737.679169701	0.720320466132556	2746	196999.285714286	0	77	107786.597402597	0	77	506379.167327804	1.34547421565092	2773
"<91>"	7748	15	8	3611	649694.143550344	2.13465426607359	2473	130112.714285714	0.0714285714285714	14	337517.25	0	8	314700.235822113	0.471644226846185	2451
"<92>"	1794	1000	1697	6891	252194.315683646	0.203083109919571	1492	231007.280567686	0.0938864628820961	916	250218.6482903	0.186322400558269	1433	536661.322869955	1.57286995515695	2676
"<93>"	3489	289	359	7245	306041.832019909	0.448361675653256	2411	192120.228571429	0.025	280	197528.072674419	0.0348837209302326	344	579944.947829398	1.75971058644326	2626
"<94>"	5065	246	227	5844	411669.701427003	0.851445298207098	2733	193024.607594937	0.0337552742616034	237	215192.01826484	0.0365296803652968	219	423483.066545455	1.12727272727273	2750
"<95>"	7007	107	108	4160	541396.961077844	1.62312874251497	2672	263603.819047619	0.019047619047619	105	237427.738317757	0	107	339166.25509028	0.597771801767192	2603
"<96>"	3356	978	922	6126	311802.85	0.433333333333333	2340	231083.122886133	0.102593010146561	887	218914.992932862	0.088339222614841	849	450910.104680243	1.18863879957128	2799
"<97>"	4996	326	340	5720	379312.533810376	0.788550983899821	2795	224647.98427673	0.0251572327044025	318	297430.247706422	0.0397553516819572	327	405935.724489796	1.01161154116819	2842
"<98>"	2904	1131	1146	6201	280132.669815777	0.372224846480869	2117	256159.20271581	0.0969932104752667	1031	265144.606445312	0.119140625	1024	450879.731751169	1.22941387989932	2781
"<99>"	2656	435	378	7913	295959.025487256	0.32783608195902	2001	216372.784688995	0.0382775119617225	418	208963.693989071	0.040983606557377	366	677548.85851419	2.30133555926544	2396
